34125 149275 del
72649 111423 ins 836
57633 196542 ins 781
49212 263470 ins 496
54883 144905 del
80708 219663 del
44322 217865 ins 350
95429 138699 del
33326 221156 ins 21
209706 225318 ins 358
107385 112005 ins 323
58765 141355 ins 191
215017 243397 del
195174 241475 ins 855
138467 184663 ins 693
53497 185307 del
42744 206255 del
221108 261228 ins 650
180840 187347 ins 302
180338 251610 ins 481
61146 176809 del
89063 218705 ins 197
156628 162350 ins 354
125052 138288 del
43413 173418 ins 585
10354 143112 ins 270
10468 227319 ins 602
156857 249214 ins 76
38629 185660 del
101710 163616 del
59634 177187 del
59617 218990 del
57355 201768 ins 19
58901 193039 ins 657
19620 56437 del
55769 143219 ins 623
253577 262556 del
164720 208942 del
77433 256586 del
164297 197695 ins 653
152803 209826 ins 28
52400 263037 ins 703
58038 251345 del
80839 183221 del
70746 214619 ins 158
55285 168885 ins 805
22370 245404 del
389 248583 ins 19
58977 135000 del
5375 166367 del
207740 231414 ins 479
126661 154270 del
59388 166223 del
25229 210126 ins 759
54102 132409 del
1657 162524 ins 637
157853 225730 del
98634 179072 ins 18
37814 109466 ins 44
85063 197610 ins 845
31960 60097 del
7160 264226 ins 978
43381 78378 ins 230
88407 97755 ins 627
51677 158390 del
160501 241213 ins 404
28900 78332 ins 259
5341 218174 ins 489
219434 224800 ins 510
93262 203256 del
145708 187983 ins 551
198145 256183 ins 804
2091 129395 del
14363 61377 del
88198 260961 ins 940
59893 96714 del
69739 122822 del
31440 88988 ins 120
157823 263177 ins 572
117665 221178 del
118176 189616 ins 706
666 169031 del
52657 237429 del
12685 42674 ins 848
64672 83100 ins 905
13302 52096 del
48356 242248 del
171571 203273 del
148536 196542 del
58784 179387 ins 200
125632 179949 del
37826 120393 del
35556 36929 del
103863 218246 del
156309 199838 del
139653 187040 del
123572 177359 del
227561 238714 del
29950 215446 del
47981 96695 del
239942 246447 ins 307
150976 233927 ins 83
81694 137790 del
11606 120019 del
87805 162295 ins 964
19244 182471 del
44513 132369 del
23287 172165 ins 667
163828 248985 del
146464 235784 del
59085 81138 del
65153 110891 ins 405
139193 195514 del
15452 216530 del
22107 220280 del
34831 90793 ins 493
53244 64513 del
54867 158233 del
125612 242621 del
22251 111133 del
165158 176207 ins 511
53690 130624 ins 111
160178 237899 del
67582 122863 del
82664 103879 del
20104 258925 del
218021 248606 del
228188 245677 ins 142
184280 255141 del
118769 253907 del
87259 182836 ins 582
110934 224336 del
95091 263903 ins 258
53525 219414 ins 70
35809 163912 ins 915
129192 233233 del
169519 173589 ins 40
26668 233944 del
211390 223043 del
95832 147409 ins 860
79576 234815 ins 402
109646 156391 del
110502 252621 del
11080 117666 del
129198 171038 del
139487 203619 del
140242 188873 ins 357
12576 54608 ins 70
201969 239680 del
72872 143067 del
7557 101429 ins 547
31296 247431 ins 826
115127 127743 ins 340
177946 262392 del
127960 163248 del
207889 229721 del
78325 214809 ins 156
66695 208754 del
116906 145177 ins 843
112398 141207 ins 598
47665 102510 del
47031 154740 ins 298
22584 166010 del
23991 188916 del
100945 219600 del
28693 180124 ins 953
56955 112105 del
104209 128048 del
20530 163328 ins 577
162891 166993 ins 674
5364 9273 del
194929 207473 ins 687
32949 83852 del
33472 173785 del
118185 186400 del
76956 241950 ins 185
9532 204548 del
72946 168523 ins 834
15787 261673 ins 428
64676 250850 ins 227
182314 199180 ins 238
199550 215504 ins 258
66178 222301 ins 892
14230 220732 ins 480
191221 219266 del
57769 195776 ins 439
158538 228216 ins 747
73282 86610 ins 262
9735 61520 ins 789
72529 246124 ins 966
99687 107288 del
42375 209773 del
34945 203309 ins 421
977 29195 del
19890 98796 del
81966 216500 ins 954
29556 237142 del
59450 192078 ins 22
177685 202360 ins 52
44711 237329 ins 639
30819 98147 ins 694
169519 244528 ins 848
79979 166937 ins 536
28604 35052 ins 24
2466 80208 ins 178
10138 107397 del
71586 238709 del
38366 68494 del
117207 227536 ins 371
13028 200455 del
64479 107537 del
92260 141186 del
255725 257651 del
162388 263911 ins 696
126137 181920 del
101253 237691 ins 808
77922 263750 del
14179 47364 del
4439 132984 ins 779
38193 131256 del
1283 190800 ins 171
40762 57837 del
128190 175849 ins 857
52835 254290 del
70708 102244 del
115618 174368 ins 549
122308 185740 del
92443 150145 del
87293 167426 del
60135 145301 del
234331 238573 ins 1000
90030 93327 ins 609
75221 120924 del
3638 11397 ins 627
67914 73988 del
58602 191202 ins 657
161201 222244 del
112490 233512 ins 308
55778 130726 del
16719 118848 ins 373
222514 226032 del
105630 161816 del
29175 157962 del
92090 146863 del
44593 124616 del
52574 115143 del
57826 212787 ins 968
43257 153554 ins 855
129067 246268 del
15360 58706 del
30169 50448 del
67989 85756 del
86764 188731 ins 158
8802 232470 del
74589 210334 ins 705
137163 241826 ins 423
216309 250912 del
12723 226094 ins 217
168345 240138 del
113813 246871 ins 871
165600 202299 ins 259
58969 107201 del
169532 242000 ins 641
87525 111618 del
126808 192111 ins 989
34771 221065 del
74323 158306 ins 879
23556 97486 del
7569 259313 ins 143
66620 90890 del
118264 219671 ins 521
96291 173622 ins 137
121551 208546 del
169152 197980 del
185642 212585 del
102080 154059 ins 823
21330 225144 del
24302 102120 ins 178
56427 101504 ins 50
135079 178237 del
107589 142269 del
19925 218911 del
53199 166247 del
61785 198778 del
46540 206191 ins 436
16607 240573 del
168235 248657 del
35136 139474 ins 94
136559 170770 del
100581 247465 del
25792 101773 del
85957 245039 del
118781 140534 del
69916 124631 ins 879
67184 160396 del
57472 59887 del
97498 180175 ins 176
243615 263345 del
32427 225856 ins 808
231896 243267 ins 423
109659 227726 ins 618
49685 199399 ins 506
90111 190544 del
54687 131433 ins 759
99872 191400 ins 937
219220 252482 del
36893 150186 ins 898
114092 183448 ins 12
183802 226255 ins 376
28000 207873 del
27081 148631 del
7105 258588 ins 73
144678 263277 del
47062 154604 del
111687 179598 ins 111
47304 218097 ins 212
116789 199191 del
101849 146134 del
44291 78899 ins 167
7290 92032 del
56652 121621 ins 942
54771 238114 del
16998 263912 ins 966
115780 221484 ins 441
132135 140230 del
97519 250560 del
121888 233757 del
24625 101694 ins 312
52928 59464 ins 591
212589 252589 ins 266
85068 213943 del
22044 159539 del
189486 251613 ins 402
217023 246879 del
252716 258748 ins 630
130066 258029 del
164430 217783 del
66359 231403 ins 5
22112 233997 ins 585
51345 169066 del
52796 71368 ins 403
207058 260963 del
100623 222014 del
59273 124465 ins 671
81652 242079 ins 349
55166 238246 del
217253 220013 ins 175
24762 72287 del
68203 173453 ins 526
54515 139713 ins 607
42343 204952 del
154775 192516 ins 647
125966 210593 ins 50
236627 237922 ins 270
66107 94662 ins 486
20104 77171 ins 442
176314 196884 ins 733
7202 134807 del
126740 182720 del
160082 196790 ins 346
141829 161013 ins 630
19657 153028 ins 493
64967 235107 ins 794
99640 108822 ins 54
8415 165684 ins 475
80789 211425 del
130933 169724 ins 61
166861 175929 ins 358
64145 96480 ins 870
21941 220268 del
114547 154238 ins 548
17083 143354 del
71129 188999 del
16791 141480 del
216466 243684 del
49085 164260 del
106176 251409 del
33385 200958 del
19212 152820 ins 846
63444 76316 del
30147 62168 ins 345
6532 106696 del
18606 97567 del
24090 251504 ins 89
117068 163028 del
85487 102346 del
38500 212854 del
153015 225143 del
126056 242801 del
22282 156044 del
68419 87965 ins 333
189354 199766 ins 464
81828 138204 ins 952
38492 202154 ins 317
16665 261314 del
112999 192751 ins 126
62228 196778 del
1312 183807 del
93561 249769 ins 611
185467 255300 del
28866 124896 del
55052 125732 del
93988 163706 del
111864 217369 ins 794
32490 110218 del
27103 143550 del
169574 181709 del
3691 147245 ins 554
23224 25422 del
22930 97107 del
83002 89989 del
67530 159448 del
157133 205655 ins 873
116194 240525 ins 678
10167 144887 ins 288
40969 163251 del
50638 55615 del
149630 209038 ins 70
69556 119224 ins 978
23947 74873 ins 820
214199 243093 ins 591
16118 77260 del
187221 249877 ins 117
15230 221608 del
59054 188080 del
93754 248394 ins 590
227418 239164 del
54870 91614 del
29609 241074 ins 511
26562 50440 del
133656 157876 del
99628 228483 ins 950
157040 246488 ins 69
87099 135795 ins 820
143721 154903 ins 630
74442 190248 del
5628 114722 del
36155 157117 ins 979
175881 200482 del
153561 257916 del
44640 219179 ins 165
111267 207918 del
51130 131731 ins 13
36090 255385 ins 219
182649 248923 ins 921
70846 146393 del
9459 110336 del
102071 242472 ins 763
48446 145337 del
52342 64129 ins 289
4982 247602 del
25718 54960 del
41040 159083 del
39307 144415 ins 769
88544 244493 ins 550
3501 200420 del
12107 261218 del
1916 220922 del
213041 218668 del
148765 204299 del
190185 260901 del
20925 43759 ins 792
131500 232881 del
125810 154688 del
138387 233982 del
99265 118248 del
44865 96700 ins 132
154222 166036 ins 362
152347 247375 ins 840
35220 151737 ins 221
123384 223174 ins 702
66703 207292 ins 760
18742 97187 del
25826 161451 del
28742 182404 ins 743
53828 91369 del
17324 237557 del
52489 242182 ins 154
183387 255903 ins 230
52664 189946 ins 497
54827 247924 del
183699 211636 del
44022 140846 ins 122
64248 223155 del
31964 117029 ins 440
59710 144501 del
19441 52121 del
129587 152775 del
66544 226894 del
258465 261656 del
104170 261751 ins 992
51926 190963 ins 657
12346 59715 del
105741 163485 ins 389
159616 258949 ins 241
154254 162677 ins 870
104299 122677 ins 101
101766 145642 del
117018 151410 del
95468 220788 del
20808 93822 ins 549
104500 189836 del
55063 218967 ins 514
134959 238462 ins 664
67464 103784 del
91957 235363 ins 733
69587 137147 ins 73
154226 157042 del
183625 241492 ins 856
127969 201110 ins 42
28117 200219 del
131785 159885 del
46828 232207 del
1739 4364 del
22957 26681 ins 721
165926 195946 del
111753 141707 del
80906 167948 ins 991
146836 182246 ins 125
9781 154718 ins 14
102511 106903 ins 620
142759 156665 ins 710
45093 120191 ins 672
1759 32267 ins 926
97115 249653 ins 372
79630 225129 ins 862
58441 122823 del
38371 168748 ins 2
109410 136592 del
35444 37675 del
96653 118671 del
93209 166803 del
35646 191490 del
59306 237758 del
40824 233332 ins 504
74384 105875 ins 235
136002 186189 del
97949 171261 ins 993
56586 98741 ins 299
149558 245877 del
77558 242361 ins 318
83200 96329 del
72708 204762 ins 63
22466 143601 ins 498
70350 175012 ins 351
951 33583 ins 370
8638 12081 del
181973 228534 del
209673 244120 del
44058 202379 del
78009 181846 del
136757 201167 ins 971
39548 174633 del
119455 168426 del
194381 208450 del
58618 219731 del
77420 172015 del
34416 191019 del
20372 180357 del
132017 161985 del
6863 211329 del
42536 165601 ins 507
133515 262900 ins 675
48599 52263 del
125586 235712 del
55196 223878 ins 494
206872 259606 ins 44
54778 159468 ins 382
112279 185670 del
174115 199421 del
143223 161204 del
22876 49261 del
35542 134850 ins 371
14680 216504 del
27481 261396 del
67729 191492 del
17477 64946 ins 666
31855 210658 ins 331
102500 254132 del
40192 157515 ins 416
48741 226813 del
117207 137379 del
95900 179889 del
95462 231724 del
137056 240234 del
143799 201316 ins 575
166940 198166 ins 721
94609 136327 ins 373
97625 119156 del
180107 250616 del
80403 147049 del
50344 142518 ins 481
15410 136557 del
33945 262798 ins 891
123460 157810 ins 284
20243 262670 ins 228
4024 171373 del
87603 247750 ins 502
31530 104199 ins 347
100868 238271 ins 517
22683 24619 del
140451 178509 ins 632
68293 77263 ins 303
88126 211714 ins 153
2227 180760 del
10731 225886 ins 541
28039 41379 ins 598
20678 174648 del
23022 31141 ins 30
40179 202071 ins 479
48263 79812 ins 580
38214 136309 ins 957
250508 259370 ins 195
51384 125174 del
150827 172232 ins 777
230113 248262 ins 344
103085 159401 ins 629
171601 195022 ins 873
178928 246428 del
187336 220038 ins 763
56925 134496 del
10408 217426 ins 461
14248 109286 del
33868 178380 ins 304
33849 181683 del
153365 217250 del
199754 261024 ins 873
175195 175679 del
70971 112513 ins 651
167448 180310 ins 863
178485 208722 ins 972
81973 106586 del
76002 141965 del
84098 212118 del
166852 257978 del
4941 29222 del
7928 259550 del
13555 172252 ins 314
94697 127500 ins 64
74886 111862 del
184334 230469 del
122833 174017 ins 606
48674 182864 ins 731
202212 217223 del
196963 207144 del
25671 36843 del
63014 207585 ins 117
159869 255106 del
204082 249135 del
195945 236324 del
118184 206187 ins 4
12523 210982 del
86440 210852 del
182858 187231 del
17208 19849 ins 584
97408 116797 ins 36
5192 243860 ins 678
59166 102493 ins 562
100248 153612 del
92581 137638 del
61655 163339 del
1851 170880 ins 724
38683 161565 del
5247 84282 del
182179 214172 ins 969
40548 161143 del
103650 158738 ins 377
20059 204028 del
7609 172884 ins 222
126916 185036 ins 155
66383 228011 del
180902 232150 ins 347
6308 67394 ins 348
50234 106554 del
214371 238760 del
83631 118818 ins 448
27854 175647 del
140703 254567 ins 388
3142 141732 ins 705
7179 63221 ins 489
15081 34762 ins 390
10769 224302 del
101821 115826 ins 305
18357 85242 ins 346
18395 114695 del
74029 136585 ins 815
111902 169458 del
239468 242972 del
29212 163822 ins 441
114649 117305 ins 594
199812 212397 ins 164
32480 104260 del
101545 223379 ins 540
69027 252631 ins 955
44715 66636 del
58221 130956 ins 429
155492 163366 ins 972
126677 185943 del
86063 128145 del
39527 106111 del
173621 241178 del
66 209769 del
67044 82259 del
116388 261997 del
8364 241778 del
139310 248870 del
146570 167297 del
7519 107316 del
26432 222426 ins 591
136067 136148 ins 257
12023 54522 del
23395 231978 del
60595 78859 ins 525
187446 218086 del
149825 189235 ins 183
140511 229821 del
152335 204799 ins 952
115294 131437 del
108784 215265 del
68592 128283 ins 203
913 72113 del
219394 238637 del
57768 176037 ins 218
34189 113877 del
67730 221370 ins 506
7264 181711 ins 946
170527 222939 ins 530
97529 238221 del
138412 226447 ins 275
84380 211955 del
11262 204696 ins 170
125961 226224 del
100569 230118 ins 66
113621 200168 ins 986
3688 176755 del
81543 91193 del
101269 112016 ins 830
49395 142251 ins 182
4917 10282 ins 572
26257 153510 ins 596
71147 163657 del
145503 248501 ins 984
38965 261682 ins 742
76242 165701 del
158971 185315 ins 9
78244 170421 ins 691
55159 233860 del
35774 92025 del
46687 241249 del
57261 82009 del
22296 46372 ins 487
75702 118162 ins 397
155231 218135 ins 979
4282 109195 ins 385
62159 245805 ins 615
161294 195797 ins 550
31783 171133 del
171486 225534 del
38244 87269 del
108280 151966 ins 66
215053 255786 ins 947
62716 145877 del
136064 255470 del
109356 238662 ins 320
16293 263433 del
36604 143967 del
199675 248982 ins 772
55470 248239 del
33760 125618 ins 927
53731 70951 ins 265
101431 201986 ins 298
134279 222047 del
104561 126367 ins 18
123116 189290 del
21215 250458 del
110321 212231 del
87457 237701 del
72484 195832 del
178210 222731 ins 279
134460 151387 del
194928 238711 del
71419 83142 del
167802 246455 ins 781
108309 232400 del
51328 211194 ins 92
160514 190522 del
118932 160417 ins 378
94275 191505 ins 758
109137 160423 ins 960
73142 243920 del
17836 245914 del
9653 227662 del
88387 189058 ins 287
100713 159809 ins 897
233977 245527 del
62188 206619 ins 425
95464 162381 del
13401 101712 del
56603 139298 ins 577
175568 216268 del
35673 166504 del
10508 51007 ins 518
185877 242308 del
64913 216340 del
60257 138891 ins 366
210237 226225 ins 464
28199 80621 del
147396 254275 del
21091 53004 del
208072 235491 ins 598
69942 192122 del
90592 249354 ins 679
5768 202831 del
61558 194085 del
200155 229554 ins 72
87945 128132 del
12825 14750 del
69955 216732 ins 434
89213 261210 ins 651
29019 219605 del
101307 110699 ins 527
6717 210227 del
168868 261194 ins 44
52264 198080 del
97015 232440 ins 366
29311 220297 ins 835
50678 192279 del
5895 29194 ins 501
3232 255329 del
28507 133081 del
182201 249005 ins 53
49647 218899 ins 62
191322 237522 ins 216
127952 206957 ins 901
132817 254862 del
14773 115184 ins 619
137294 253442 ins 176
54148 218228 ins 603
9947 79883 ins 462
122792 258862 del
19451 162654 ins 962
123032 261509 ins 640
52511 134152 ins 719
117615 205539 ins 322
13205 20659 del
130530 189833 del
34530 228516 del
162124 167412 ins 13
43409 177521 ins 393
109116 143168 ins 3
8224 261125 ins 243
58815 216275 del
24672 95641 ins 242
96686 102110 del
53867 221282 ins 95
4914 78223 del
14850 136349 ins 262
46407 217552 ins 943
145782 188581 del
6843 200456 ins 261
376 108846 del
30259 229056 del
51667 168350 ins 303
65909 144744 ins 430
178126 200149 del
180972 242004 del
72684 175745 ins 243
3798 78429 ins 978
11400 88436 del
66955 186750 ins 204
86742 129727 ins 166
77660 196555 ins 387
71741 217317 del
2957 36182 ins 657
267 22815 del
176869 238149 del
213728 233140 ins 72
47112 58304 del
29319 217833 ins 821
132284 157281 ins 990
80977 186465 ins 305
190965 192189 del
83165 162756 del
79842 243911 del
11356 262541 ins 230
178182 222750 ins 245
136373 254292 ins 600
8419 66278 del
21446 200648 ins 263
18395 162057 ins 105
138180 143720 ins 761
6493 123943 ins 178
14064 120367 del
57200 117115 ins 789
85212 153950 del
133153 213671 ins 51
69238 242451 del
140769 217483 ins 246
86720 160950 ins 814
9344 118913 ins 571
15498 195470 del
50931 72420 del
194308 255120 del
58425 151416 del
191229 215522 del
86063 133201 del
3953 163884 ins 620
51685 165093 del
160047 205202 del
200271 256525 del
141632 187720 del
141851 176363 ins 149
34637 116237 del
154628 251747 ins 952
252444 258249 ins 428
102646 153504 ins 478
123515 173326 del
40240 171625 ins 690
130170 238556 del
38722 132467 ins 203
132145 254005 del
91528 185368 ins 136
42478 210697 del
70450 158723 del
109403 197392 ins 162
72059 159265 del
168944 239891 del
154698 200221 del
90918 201178 ins 194
164513 214380 del
176906 261253 ins 278
111723 236109 ins 727
122631 210813 ins 957
75070 164637 ins 703
99830 195093 ins 231
86689 112431 ins 689
7724 12015 del
17753 232777 del
33065 91253 ins 196
125446 180637 ins 745
132882 176133 ins 561
50910 115978 del
157044 157869 ins 7
97915 243644 ins 550
51688 119930 del
40030 72235 del
13539 130264 del
134045 172584 ins 800
158157 187837 ins 278
12592 137783 ins 251
71189 119455 ins 726
137183 255994 del
62637 225309 del
138306 183588 ins 416
151955 191237 ins 664
3311 85475 ins 35
208254 262329 ins 68
162503 178128 ins 576
193226 203140 ins 196
21004 103563 del
23708 183086 ins 589
7664 31865 ins 334
45876 229678 ins 570
142749 226952 ins 702
6250 117840 ins 423
14827 142826 del
7921 125577 del
2518 195064 del
64434 154844 ins 999
33327 173899 del
7802 93264 del
111920 185298 del
110157 189809 del
181682 216082 ins 56
147275 247304 ins 301
85160 227256 ins 873
111153 218105 ins 923
82398 82753 ins 734
110894 216917 ins 906
141628 220228 del
1438 173734 ins 508
33097 65948 ins 737
4455 239347 ins 850
110844 169981 ins 278
192119 241206 ins 429
75804 113198 del
31333 87991 ins 191
150681 243114 del
34545 48381 ins 973
77840 118028 ins 517
469 126428 del
13856 76271 ins 76
66756 209758 ins 538
68405 217549 ins 988
105390 243724 ins 365
94394 128897 del
59785 92964 ins 564
36619 234871 del
126928 202985 ins 203
20051 229905 ins 70
