62247 205335 del
173926 187429 ins 707
8925 65533 del
90147 98651 ins 818
153250 240664 ins 413
17315 138679 del
203897 259289 ins 460
40432 135778 ins 397
104202 106220 ins 124
147369 262490 ins 847
150984 256056 del
96476 190973 del
48772 160795 ins 883
121960 194989 ins 714
183065 239836 del
13660 50988 ins 457
120494 171630 del
61091 145591 del
16992 151930 ins 224
52778 141011 ins 345
6270 188220 del
161556 176003 del
244579 249528 del
9649 83742 del
105042 170897 del
231237 258082 del
120908 146657 ins 138
27951 201245 del
72741 167063 ins 864
77582 230690 del
160916 263147 del
40199 102062 del
90655 163454 ins 885
85389 122229 del
21904 85007 ins 629
75954 128586 ins 530
80271 186366 ins 383
55479 244356 ins 940
6139 17748 ins 169
110010 145387 del
49320 245090 ins 575
11461 103960 del
47684 121746 del
71756 146989 del
111603 223672 ins 637
3857 116336 ins 550
96061 242445 ins 1
105908 163549 ins 603
74176 130462 del
36454 224110 del
40450 148755 ins 856
115100 256904 ins 877
18405 121013 del
102797 130177 del
21859 218994 del
251817 257630 del
5131 230576 ins 158
168969 229792 ins 191
121966 194409 ins 847
59574 182338 ins 81
93152 204926 del
59881 156321 ins 552
128495 130611 ins 887
185788 263465 ins 475
18384 102320 ins 564
98150 115383 del
169992 181004 del
123246 197288 del
95750 226628 ins 1000
51375 254084 ins 22
28413 115292 ins 266
30874 150549 ins 348
151411 231784 ins 354
164727 191938 del
48510 227937 ins 268
26114 103791 ins 273
34107 39697 ins 45
157802 254641 del
104666 195911 del
46976 232095 del
141845 193271 ins 35
162953 218598 ins 466
4688 123434 ins 791
115212 214438 del
39199 118554 del
20422 104316 ins 91
70911 81776 ins 222
29153 242216 ins 582
44495 69141 del
17781 233473 del
136660 201242 del
63984 144605 del
2043 131084 del
77674 249972 del
130243 216426 ins 841
192383 230787 ins 767
161101 239037 del
125955 221779 ins 727
170934 207700 del
44429 192182 ins 350
59373 184389 del
100235 227934 ins 41
81993 136869 ins 60
187327 225339 del
107246 200357 del
25601 57481 del
52281 134315 ins 640
42969 180534 ins 556
64984 101123 ins 885
26365 191925 del
42400 186646 ins 510
11823 39601 del
144526 190048 del
137220 247387 ins 153
15261 38131 ins 419
221445 223378 ins 622
132024 245199 ins 823
113135 121208 ins 378
120016 226689 del
108520 227495 ins 72
3318 95841 del
165312 200041 del
111129 145570 ins 532
145750 174470 del
45821 117093 del
176946 209340 ins 444
12905 76774 del
136302 178109 ins 456
60379 125709 del
81336 161924 ins 185
72243 90776 del
32757 47604 ins 30
297 211904 del
76683 182967 ins 882
60528 229271 del
169279 205535 del
153607 203185 del
133493 245366 del
52105 179373 del
67910 171796 del
104935 123946 del
97358 142747 del
133216 258943 ins 882
5089 127160 del
177039 238966 del
140624 213600 del
80908 110661 del
5438 7173 del
97953 113237 del
129588 250172 del
128270 160935 ins 3
151394 219321 del
14258 23757 del
112182 167722 del
25019 58839 ins 883
122593 219272 del
74438 256828 ins 576
27850 100356 del
80223 202302 del
10859 258797 del
107805 130843 ins 206
61481 111676 del
12976 59999 ins 273
179652 224299 ins 760
104889 167193 del
53216 227733 del
33879 208121 del
68072 170538 del
13227 176585 del
104990 227245 ins 258
30662 75373 ins 835
109805 156209 del
172149 205123 ins 694
80002 263700 del
253894 260964 ins 343
119141 255855 del
35522 126403 ins 666
125395 229230 ins 467
144429 239805 ins 277
61098 223885 del
15350 65942 del
192297 238218 ins 345
68042 173046 del
41971 257126 del
147861 221522 del
143747 227708 ins 952
47007 168089 ins 58
15554 246941 del
7008 105415 ins 35
125901 204958 ins 36
2009 223170 del
73772 166236 del
37410 70831 ins 564
11091 225318 ins 391
8613 255105 ins 91
85231 129477 ins 480
177977 263647 ins 141
82412 249310 ins 257
67790 246702 del
179417 199429 ins 353
142195 245728 ins 754
4441 97127 del
69743 253425 ins 431
87114 101919 del
57431 229970 del
31283 197258 ins 115
159076 191818 ins 75
30053 178606 del
196709 226997 del
114888 135853 del
95767 99703 del
13654 42481 del
101796 242793 ins 298
217300 228541 ins 752
8250 50939 del
136708 233305 del
45262 222728 ins 30
202225 263125 ins 975
188069 204315 del
85204 232193 ins 838
100121 239610 ins 873
162416 190822 ins 40
36866 142485 del
51462 56651 del
7398 181634 del
126146 198941 ins 402
5868 248534 ins 128
60916 70876 ins 755
110763 128360 del
63104 127052 ins 66
22069 181856 ins 184
158299 259668 del
57731 133140 del
116280 221690 del
64399 90215 ins 537
108612 251806 del
71831 86801 ins 716
73985 178862 del
2843 246924 del
73381 247642 ins 401
150040 226376 del
43454 134803 del
10215 200298 ins 534
74192 148188 ins 618
157943 192260 del
15060 239963 del
155028 204464 del
107942 221274 del
13509 144608 del
170813 258705 del
28312 227629 ins 617
46045 87001 del
39431 132175 del
84311 164499 ins 845
70980 106548 del
76701 148856 ins 767
80484 82206 ins 395
44172 109261 ins 207
65288 228303 ins 594
93912 254299 ins 471
13989 256042 ins 185
17266 32999 ins 542
188345 219861 del
111015 250923 del
202577 250082 ins 598
138376 144401 del
184553 243414 ins 963
21543 225186 del
145622 161823 ins 22
81592 164588 ins 556
131296 161184 ins 735
72195 169811 del
97796 171647 del
72587 250053 del
197457 216734 del
171547 204770 del
56917 241521 del
146047 250635 ins 947
199472 237961 del
868 70947 del
17218 127740 ins 883
166932 220639 del
20813 119958 del
119861 228659 del
118957 208015 del
110485 156746 del
3440 5908 ins 163
40197 195760 ins 788
169301 262912 del
85373 242636 ins 608
15871 241426 del
229002 234580 del
1973 187725 ins 785
35150 47151 del
55164 186103 ins 513
129077 179459 del
24397 190192 del
11772 126199 ins 451
171906 242240 ins 950
150087 247446 del
138928 201841 del
56300 191013 del
44233 220207 ins 651
24102 54853 del
108328 122646 del
141885 152417 del
374 263484 ins 633
124837 147220 del
14147 115897 del
199344 243071 del
105169 153753 del
81833 124079 del
225248 264316 ins 964
109907 156386 ins 952
118890 229658 ins 427
247776 257475 del
145223 209125 ins 728
124984 144994 del
59925 213918 del
88465 160008 del
115442 161007 del
151623 172191 ins 36
5563 153300 del
98793 138822 ins 190
122640 141866 ins 667
26770 204768 del
5666 19653 del
140784 206850 del
73118 207578 ins 946
155603 189783 ins 752
130037 154307 del
54149 165144 del
62553 79081 ins 592
42424 191120 del
83080 174830 del
559 158911 del
200955 213393 del
156624 206363 del
56921 153719 del
115666 195272 ins 309
26057 50000 ins 758
112832 243652 del
38315 39569 ins 321
117549 245332 del
10840 14548 del
218466 264021 ins 538
2214 90347 del
90070 154160 del
41564 86280 ins 341
114239 131121 ins 590
110103 191423 ins 181
136403 138534 del
100943 214081 ins 29
44007 238541 ins 896
1251 8324 del
84300 98458 ins 741
39794 226640 del
25758 110238 ins 737
103479 170355 del
11580 43490 del
104297 256674 del
37706 150560 ins 770
66012 238203 del
57542 86160 ins 178
9942 187864 del
14241 54035 ins 999
9497 225671 del
175155 181157 del
14286 38131 ins 829
26104 206524 del
35301 243203 ins 627
178412 221692 del
129208 263832 del
17429 258344 ins 967
150866 199895 ins 143
116628 122654 del
73142 208578 del
62844 185883 del
41455 168650 del
131634 257135 ins 584
201317 204386 del
62270 122201 ins 405
33729 127077 del
17569 180461 del
25822 245012 ins 297
231028 253130 del
14823 81268 ins 363
235966 259041 ins 309
16085 76817 ins 423
96698 189424 del
162339 184694 del
147594 157256 ins 58
78832 80289 del
935 25750 del
161148 218700 ins 737
62762 80733 del
28403 210375 ins 31
181619 207529 del
135899 249761 del
218388 247542 del
68269 99013 del
91819 230108 ins 1000
3638 99415 del
176107 197630 ins 359
68653 76450 del
180962 205779 del
52960 131726 del
33362 140807 del
40037 80925 del
145150 146705 del
175253 232735 del
52184 196071 del
119808 234963 ins 25
9789 258879 del
132083 149747 del
149522 221330 del
71267 254091 del
175459 187659 del
21384 173840 del
92426 172002 ins 526
140471 193446 del
131014 133172 del
60186 127427 ins 475
24861 139078 ins 675
8472 194577 ins 976
225232 258680 ins 907
90136 203457 ins 232
164937 237676 del
30616 61354 del
48300 133311 ins 892
18071 178902 ins 165
118045 164239 ins 145
45711 104271 del
95503 257279 ins 545
9949 76883 del
29199 80080 del
89706 155852 ins 551
183841 191807 del
187066 209242 del
123113 259765 ins 322
146616 155257 del
36151 165113 ins 183
20734 126521 del
143228 182027 ins 167
17895 169372 ins 346
87642 167788 del
211792 256598 ins 323
116500 136403 del
192441 235792 del
112859 245033 del
19852 172369 ins 631
147545 194456 del
25612 169033 del
44549 78825 del
128594 237541 del
61638 171971 del
45764 176265 ins 250
60056 144570 del
7291 55468 ins 961
89766 156691 ins 835
181610 219810 del
8629 109138 ins 543
119011 200686 del
45818 94683 del
31573 124612 ins 685
44733 232311 ins 221
71363 203766 ins 601
87642 130416 del
12786 214547 ins 867
4170 242889 del
8778 246335 del
163176 249903 ins 149
42362 201555 del
60267 262404 ins 371
18351 188339 ins 101
23639 83236 ins 131
170045 206321 ins 868
120859 239475 ins 453
148361 170872 del
199645 239182 ins 631
124368 173846 del
102461 211588 ins 162
151028 208981 del
27311 59657 del
110576 188512 del
119343 210051 ins 751
1554 195761 del
39420 125541 del
88579 132907 del
198586 222474 del
16755 149978 ins 313
139782 206470 del
121739 142960 del
83971 258116 del
10131 108410 del
188427 218773 ins 819
190218 253587 ins 419
77206 113225 del
94416 173898 ins 102
189271 207373 ins 686
20705 186053 del
21037 236304 del
130224 237769 del
123023 183534 ins 24
1151 196763 del
195164 254825 ins 831
18747 83721 del
118607 142207 ins 91
102261 220002 ins 487
44312 44427 ins 735
205237 214215 del
153162 261368 del
19621 171720 ins 125
121367 154905 ins 466
7659 242518 del
105031 108627 del
6561 84097 del
33384 99747 ins 893
34029 245224 ins 529
35350 101087 ins 122
94143 167668 del
36342 93578 del
54212 93234 ins 338
20146 210511 ins 653
60204 209625 del
76718 118333 del
8110 26828 ins 210
83309 100224 del
145950 169002 del
20366 41690 del
116733 246443 del
65186 218514 del
99293 102634 del
85208 235674 del
190239 243719 del
86608 263136 ins 638
225428 263896 del
44076 166672 del
27292 90924 ins 293
55814 198363 ins 785
64555 215864 del
6688 187063 ins 853
54274 171047 del
112816 181719 del
185352 234625 ins 584
22903 63252 del
151110 251233 del
14216 157678 del
14863 208842 del
92143 118780 del
17181 85986 ins 146
55159 257304 ins 861
35564 50700 ins 865
75551 91944 del
114343 244052 del
61405 244490 ins 608
119735 180476 del
18659 196130 del
244897 252183 ins 356
134010 152008 del
30830 35041 del
129292 264154 ins 321
110622 150996 ins 222
42874 204896 ins 799
21672 165341 ins 959
4876 14992 ins 381
99311 105421 ins 991
165708 200766 del
9616 217558 del
25254 33740 ins 531
92831 252118 del
9937 17055 ins 902
25437 164294 del
93676 123122 ins 762
150025 238880 del
13247 214654 del
53602 238729 ins 885
72382 136307 del
42854 51078 ins 110
174087 192817 del
50396 115663 ins 379
160282 171165 ins 545
35240 59581 del
75991 162711 ins 650
55723 202805 del
118657 229484 ins 268
153964 168843 ins 77
90421 94714 ins 375
101455 169768 del
184016 233791 ins 59
112962 238965 del
38867 87980 del
164314 187356 ins 426
57420 101523 ins 917
6345 173905 del
20468 89525 del
1569 72864 ins 953
7201 180745 ins 459
185607 225841 ins 524
26771 224631 ins 279
26898 190313 del
153295 160356 del
183240 237500 del
58934 197055 ins 726
29690 260768 del
26711 144601 ins 338
54018 215677 ins 812
48830 197739 ins 717
72705 240753 ins 870
41275 154116 del
90524 113897 ins 791
39074 92959 ins 171
76439 108812 del
79620 229953 ins 799
3255 237039 del
64881 75562 ins 980
78902 222485 del
43968 202764 ins 765
20116 230206 ins 53
191795 192714 del
135229 229435 del
54695 216763 del
127890 131998 ins 536
149147 170150 ins 661
118240 259687 del
152521 242484 del
28239 179717 del
86630 217689 del
42383 70570 del
105160 236227 ins 902
102997 111313 del
51790 238466 ins 720
63378 158486 ins 563
149740 251220 ins 393
125242 262384 ins 835
200586 206102 del
47757 57300 ins 679
30880 222870 ins 579
140466 184934 del
6877 159736 ins 511
45655 57254 ins 855
55238 92844 del
97720 245605 del
187827 244879 ins 74
54946 94520 del
6007 152903 del
145608 185826 ins 116
42566 230915 ins 431
28736 152254 ins 670
115733 124667 ins 631
98388 242168 del
56067 165960 ins 683
61525 203451 ins 450
120996 243847 del
144273 237981 del
126029 146701 ins 279
2150 49031 del
135223 254173 del
62227 236714 del
177570 221122 ins 215
23881 212908 del
28508 97301 ins 653
44783 216848 del
109023 149357 del
35071 143040 del
168891 220635 del
44418 180014 ins 571
151391 249596 ins 682
101465 218250 del
16912 253475 ins 80
167769 196590 ins 747
40184 95436 del
99495 170612 ins 718
65331 93834 ins 11
13615 61393 del
108841 161349 del
169834 206526 del
176999 247705 ins 274
34114 83246 ins 885
98732 211917 ins 14
23715 168677 del
92830 227126 del
115414 165700 ins 992
40434 149048 ins 816
118803 215423 del
206210 226911 del
29011 97470 del
107428 133574 del
95232 103607 del
36311 154972 del
197562 217708 ins 405
128396 183861 ins 606
9646 152166 del
74653 114590 del
206953 230123 ins 33
117774 254519 del
86075 214936 del
197679 258518 del
147759 227564 del
175485 223818 ins 577
70307 218261 del
29031 240966 ins 83
35969 103357 ins 685
221521 244314 ins 668
7548 187992 ins 987
62326 192581 ins 99
19261 142974 ins 796
77825 129535 del
111442 183378 del
184336 251416 ins 242
67175 130225 del
138673 144003 ins 192
147675 232116 del
69813 239803 del
227487 236600 del
88988 167037 ins 155
83242 118698 ins 837
121632 224191 del
165078 233120 del
16843 241071 del
105056 158822 del
3811 30782 del
139593 167211 ins 664
177338 219625 ins 89
2544 20270 ins 161
36654 122988 ins 417
51859 129940 ins 988
16664 241905 del
29875 238431 del
187623 239511 del
126418 148125 del
146800 205315 ins 681
32734 168422 del
194283 235102 ins 112
171781 193542 del
124487 251911 ins 786
92128 138589 del
91360 184516 del
70085 187170 del
54563 239690 ins 781
128537 235538 del
46415 228270 del
77434 137594 del
122180 132556 del
22647 177380 del
134675 256211 del
52881 198085 del
206500 223361 del
219326 247151 ins 496
105409 236231 del
55422 84473 del
40536 181825 del
23002 175769 ins 620
57252 193000 ins 232
165408 178285 del
24570 229482 ins 225
64398 178545 del
124907 132203 del
196966 256379 ins 968
46659 257162 del
250892 252215 del
20569 52493 del
16814 65565 del
215479 254743 del
154648 225891 del
62914 122367 ins 418
44468 202831 del
61444 68067 del
170396 240576 ins 925
138969 166407 del
135930 177740 del
47005 79034 ins 641
62538 104282 del
87621 114505 ins 433
99419 161726 ins 451
82667 163260 ins 1000
40054 141834 ins 98
56789 175913 ins 587
88377 244683 del
2291 10234 del
158273 234444 del
155111 181685 ins 756
40038 196479 ins 494
158358 206091 del
99340 181169 del
3454 80951 del
10714 19110 del
20355 256840 del
71625 156079 del
63656 258890 ins 980
104271 232200 ins 379
155290 252431 del
104099 258689 ins 911
34466 168709 ins 607
37214 184454 ins 483
129124 169699 del
154688 223218 del
118509 230414 del
108434 226518 del
92596 155048 ins 467
127347 218885 del
6877 197268 ins 271
42095 188783 del
23248 75844 ins 873
109189 161302 del
60435 242225 ins 655
111442 161687 ins 853
30224 235846 del
39051 126145 ins 32
59953 189551 ins 390
155732 203706 ins 310
32863 98860 del
83041 119605 ins 812
59332 173998 ins 14
57009 239069 del
55670 170568 del
18562 105694 del
156325 161647 del
23847 31407 del
11461 173897 ins 919
228147 255066 ins 475
119824 195745 ins 981
125993 207966 ins 691
13809 22713 ins 23
118610 122418 del
175089 207749 ins 805
64532 117710 del
164638 177137 del
131533 202597 ins 211
25031 184804 del
88503 197077 ins 632
41664 54003 ins 695
119704 131607 ins 481
28775 47201 ins 928
22219 260752 ins 490
37917 77700 del
8404 204567 del
182912 221640 ins 12
143190 244270 del
3173 137182 del
83304 107560 del
82537 179629 del
115498 195140 del
194601 207981 del
181321 198325 del
5493 185971 del
50821 80593 del
114290 158876 ins 263
50086 247459 del
220486 239307 del
139793 258179 ins 981
19733 215385 del
7502 158536 del
16035 20118 del
55139 148942 del
52762 147859 del
184913 238845 del
135400 243403 ins 597
156803 193960 del
23045 79745 del
64039 235422 ins 962
59073 200315 ins 794
36953 149564 del
204742 263727 ins 90
89002 137982 del
53421 148521 del
218 113830 ins 482
60879 245099 ins 334
122238 204778 del
196187 222626 del
59997 169685 ins 728
99562 223198 ins 925
197820 239000 del
34334 47714 del
13104 40127 del
67890 189615 del
339 36560 ins 120
81348 203762 del
139898 220993 del
19817 69029 del
11186 240994 del
108633 130431 ins 591
28604 119570 del
126845 190508 ins 239
230177 255466 ins 219
166487 228717 ins 935
67646 101581 ins 6
216344 242736 ins 462
75492 90773 del
173330 237340 del
24088 236471 ins 890
67582 190776 del
7132 129396 ins 20
123247 195022 ins 196
21605 98998 del
62462 201799 del
130883 143264 ins 590
99826 211263 del
30159 162678 del
74034 147091 ins 914
59449 79977 del
28462 62647 ins 32
117810 242229 ins 791
229476 243485 del
196847 232889 del
9053 109036 ins 458
45057 242656 ins 448
26704 128203 del
15168 227553 ins 2
60619 140024 del
29375 95449 ins 162
186493 217538 del
155377 207672 del
29940 164713 ins 315
8951 160203 ins 31
182460 238909 ins 863
81517 137920 del
17831 82077 del
41067 249456 del
15808 177745 del
69461 75245 del
149833 177239 ins 17
116859 252986 del
79221 149809 ins 784
223988 253294 ins 173
13298 78850 del
125750 239417 ins 443
38028 220232 ins 960
71758 109812 ins 498
14982 262525 ins 350
200090 230192 ins 590
57214 176706 del
126059 192310 ins 369
162865 256117 del
93789 190996 del
32567 227449 del
51276 181928 ins 513
8913 78679 ins 424
29867 161715 ins 833
77083 164767 ins 954
182672 203023 ins 305
183748 225307 ins 775
42495 144081 ins 728
188984 198933 del
83708 225319 del
38508 230910 del
37474 125112 del
27722 202611 del
2757 24715 ins 95
120933 212437 del
112881 258998 del
54622 172859 del
232836 249938 ins 124
12100 120644 del
71969 195822 del
110842 224227 ins 605
71734 198915 ins 620
73410 178867 ins 285
133969 147378 del
103754 178968 ins 416
57515 211449 del
196297 199534 ins 567
124957 232907 ins 426
121586 186033 del
15655 34544 ins 18
5965 139689 del
74318 155461 del
70139 241008 ins 954
57422 88807 del
36624 120580 del
2441 6241 ins 85
158988 202512 ins 389
84165 236458 ins 103
81618 93454 ins 15
87962 198639 del
139945 160774 del
52061 77187 ins 895
3858 17154 ins 22
231559 252419 ins 113
73785 98119 del
13459 104880 ins 286
6022 246929 ins 711
127442 246218 ins 586
82823 127426 del
44034 125403 del
52282 174540 ins 105
74656 174624 ins 25
67543 91500 ins 314
208490 261212 ins 551
10818 31800 del
228072 257276 ins 5
3069 226240 ins 186
26992 123765 del
106593 243835 ins 606
107978 125942 ins 644
22261 202706 ins 291
136587 261206 del
115779 122804 ins 922
195830 203966 del
14869 35868 del
68349 135594 ins 639
49840 93637 ins 889
110131 168362 ins 649
188102 192645 ins 594
48348 101841 ins 518
54067 139121 del
75563 119518 del
43591 164058 ins 65
201877 230671 del
140887 187227 ins 115
112417 129778 del
84217 111225 del
84587 156315 del
188086 213385 ins 574
26437 91096 del
165367 181433 ins 980
78899 137532 del
29052 149389 del
125232 207954 del
78217 201915 del
47938 115377 ins 974
17850 235511 ins 421
9981 258725 ins 86
218958 244376 del
6801 228582 del
1655 102558 ins 729
138387 262176 ins 59
208428 228541 del
67129 167170 ins 686
124713 177071 del
93351 160039 del
67894 98685 del
137779 153098 ins 786
132970 193328 del
180354 246240 ins 674
22819 52943 del
74627 184105 ins 664
10936 176785 del
100 203682 ins 413
179461 239848 ins 42
97330 237084 del
42029 242495 ins 153
90586 102682 del
1566 11441 del
12949 215730 del
122615 135847 del
56614 163533 ins 704
38144 96787 ins 366
78551 142959 del
214506 242072 del
64869 183517 ins 887
166949 174716 del
155921 205892 ins 193
69690 153523 ins 282
115790 125034 del
169028 226987 ins 93
188039 217681 del
1078 223983 del
212918 218429 del
112133 167519 ins 853
19324 254514 ins 912
39460 40852 ins 799
139861 191138 del
38253 220586 ins 492
7711 20947 ins 404
102168 109794 ins 618
74448 85475 ins 568
105933 123301 ins 957
57137 178885 ins 48
212904 218877 del
175432 184911 ins 138
58847 225624 ins 353
60379 148963 ins 746
5836 263077 ins 141
71733 138005 ins 715
151111 242286 ins 174
56149 72742 del
27009 91383 ins 584
48052 171961 del
80532 198599 del
9481 262103 ins 351
10422 97982 ins 632
4110 213168 ins 420
169733 183336 ins 826
75632 114340 del
158261 230742 ins 765
1594 159185 ins 528
128964 254434 ins 253
15811 255808 del
33740 198911 ins 91
33376 163506 ins 339
70339 238603 del
23220 65734 del
22061 239697 del
15089 121684 ins 13
92111 94492 ins 547
87019 205269 ins 353
129636 204170 del
19552 235104 del
175470 203238 ins 668
82416 132452 ins 921
241892 247437 ins 827
100816 173366 del
106954 111783 del
106124 164774 ins 845
176330 205749 del
46305 230194 ins 402
148994 169008 del
69099 150893 del
39549 221591 ins 148
104787 175878 del
58894 225663 del
110279 255991 del
40375 249728 del
57695 153340 ins 267
14833 258129 ins 174
69101 231546 ins 94
58853 200843 ins 803
18479 160746 del
167917 184047 ins 808
56057 177439 del
46121 122019 del
66068 200493 ins 720
69506 89566 ins 385
220242 246460 del
39166 203406 del
96322 113317 del
100312 248554 del
138196 261881 ins 7
182694 183540 del
24882 184206 del
7004 118668 ins 248
96359 239181 ins 254
12362 32419 del
24029 164611 del
170221 213533 ins 375
215253 257760 ins 737
39493 87078 del
204953 257577 del
115959 145246 ins 604
81895 122837 del
84849 100703 ins 675
109644 235366 ins 13
77346 168720 del
14309 173131 ins 411
94893 204633 ins 382
81441 106674 del
116386 142801 ins 224
92126 220094 ins 355
55921 111671 del
124507 171766 del
72161 132188 del
167719 206795 del
83350 216441 del
71588 166774 del
10450 95887 ins 547
123528 196137 ins 339
151534 226990 ins 93
124256 143689 ins 640
46852 260156 ins 619
26098 213160 del
135787 249634 ins 122
102953 198039 ins 696
157401 184135 del
64913 119434 del
4309 19266 del
229679 250793 del
29572 65038 del
116185 131189 ins 210
45281 168036 del
171145 253727 ins 510
77022 136282 del
20918 153508 del
116962 187473 del
59936 77047 del
33493 107777 del
26449 103789 ins 926
187593 228524 del
43938 70057 del
153723 201622 del
100532 153594 del
435 59450 ins 226
117997 240511 del
22127 152739 del
225254 228302 ins 816
178382 220346 ins 996
37371 86402 del
139054 171070 del
87728 95805 del
88265 205861 del
90700 117420 del
64568 240634 del
128982 159314 ins 145
7645 159538 del
42046 165352 ins 836
36671 253767 del
28484 134676 del
162027 243840 ins 940
176012 176591 del
87724 192712 ins 852
131001 214043 ins 279
238572 242222 del
54666 192164 ins 309
187988 223993 del
74378 148762 ins 518
37263 160329 ins 676
83085 106931 del
178378 203023 ins 188
110335 185460 ins 842
3736 250131 ins 92
71919 159148 del
128111 205455 del
73873 148183 ins 940
120117 195825 ins 914
5211 223940 ins 534
27683 41629 del
9312 22214 del
72649 224475 del
23207 254850 ins 505
112649 173551 del
40296 100497 del
89308 150776 ins 186
44457 155924 del
211640 254603 ins 143
57953 164346 ins 960
15900 177813 del
54567 111739 del
77754 184431 del
48041 57021 ins 639
156631 202235 ins 745
47233 55502 del
22377 97385 ins 213
58660 166754 del
151996 160110 ins 340
26892 39216 del
46456 225052 ins 71
159164 188632 ins 58
60874 176580 ins 123
142381 228243 del
224557 262007 del
4195 45173 del
77858 155676 ins 110
85421 237367 del
17134 86640 ins 6
119348 224431 ins 256
64469 120687 ins 211
13223 241264 del
78668 226925 del
40817 201883 ins 91
188068 198672 ins 414
55352 156032 ins 675
30724 60766 ins 714
104253 187869 ins 109
76908 106880 del
101686 143760 ins 391
19837 250653 ins 584
150869 219427 ins 270
34171 246530 ins 575
52774 130897 ins 951
227708 252071 ins 553
66375 155912 del
173449 196568 del
104492 187232 del
49431 217608 ins 696
22263 263895 del
120017 212546 ins 13
210430 249298 ins 207
101516 143347 del
117033 215877 del
155706 161280 ins 848
69602 228040 del
184740 201266 del
172277 225230 ins 634
24633 224576 ins 981
196618 262747 ins 723
130835 145602 del
1615 225890 ins 22
148027 243671 ins 302
23131 87515 ins 403
105974 171136 del
90815 91083 del
10741 167289 del
170119 235845 ins 583
32786 130040 ins 295
136237 221561 del
112080 232044 del
47417 250775 ins 7
53353 249144 ins 259
235448 250679 ins 385
50268 94749 ins 513
46423 229126 ins 119
46531 184460 del
118854 151514 del
130330 254514 del
146777 243977 ins 870
67108 71161 ins 514
54659 113282 ins 715
90437 155135 ins 291
147166 257827 ins 20
80224 100207 ins 691
72704 105340 del
82776 96242 del
31560 137467 ins 740
92028 197652 del
136951 256527 del
218522 253730 ins 339
3912 150730 ins 631
5313 25770 ins 770
177823 240299 del
139995 203939 ins 391
76017 258311 ins 968
97087 132547 del
29346 67878 ins 348
113167 162824 ins 68
20480 255897 del
98841 228127 ins 94
80587 188737 ins 678
44701 152099 del
57853 86372 ins 912
84319 86507 del
121635 197486 del
47301 176692 ins 850
101482 132180 del
54672 140166 del
180501 234207 ins 355
50694 77753 ins 837
170293 215726 ins 523
74499 139869 ins 480
6022 197996 ins 629
155192 177201 del
78540 167873 ins 35
20895 98613 ins 774
164247 261555 del
168644 169478 del
94016 218777 del
10688 117092 ins 775
166209 221777 ins 398
189761 241245 ins 302
98424 249295 ins 723
84128 133906 ins 328
215011 220219 del
152105 209615 del
184063 188550 del
196179 202779 ins 940
135188 176019 del
27769 263750 del
56882 110304 del
21967 133663 ins 664
133896 191454 del
73336 195061 ins 826
212470 223024 ins 662
70051 173721 ins 235
111921 240416 ins 519
107612 173478 del
94548 175178 del
33211 203294 ins 510
84706 140847 ins 954
83701 242614 ins 529
100350 120073 del
24263 156635 ins 657
59695 104520 ins 775
110953 134557 ins 909
79856 188647 del
99729 197033 ins 40
24529 244412 ins 269
7219 22686 ins 798
94921 251282 del
20625 28320 ins 165
12259 113439 del
58843 106481 ins 842
233180 251380 del
10814 54940 del
17557 205690 ins 900
5208 124117 del
3074 200233 ins 464
11759 128626 del
81078 191031 del
79298 178658 ins 138
47825 156980 del
62010 133556 del
82902 96617 del
76323 193637 ins 684
22704 141201 del
102638 194702 ins 183
10067 141193 ins 189
43146 136568 ins 979
205360 256634 ins 430
28946 185686 ins 47
77122 119180 del
175669 225896 del
63545 238231 del
203180 203439 ins 846
104303 208978 ins 243
75565 165639 del
83762 180307 ins 553
20012 150378 del
228494 252540 del
35811 250174 del
46920 49108 ins 316
30941 201731 del
41466 103718 del
219616 243008 del
14735 43091 ins 605
48363 156127 ins 791
6653 70552 del
180273 204963 ins 578
89226 189774 ins 355
181342 231135 ins 431
192921 249731 del
120262 249903 del
138817 159385 del
180385 198854 del
17011 251482 ins 59
13643 108020 ins 312
39567 211995 del
69288 242587 del
166318 235343 del
196380 249486 ins 547
108925 206546 del
44668 138561 ins 995
49480 197110 ins 151
111332 246079 del
74832 175985 del
175325 216361 del
137633 146602 del
185920 214898 del
135207 213144 ins 652
86201 177792 ins 248
218645 243606 del
56499 243247 del
190939 237887 ins 397
87753 141183 ins 91
34741 141003 ins 245
164597 251166 ins 281
29066 198556 del
223473 228062 ins 784
66181 233490 ins 586
12686 123477 del
56910 79394 del
19840 138102 ins 346
53255 220445 ins 684
45906 243665 ins 252
56640 56846 ins 322
160387 229471 ins 393
36471 250748 ins 435
65015 166317 ins 28
102744 168665 del
57796 88968 ins 976
13697 116199 del
132372 169253 ins 722
64012 78712 del
12001 190304 ins 925
28841 92686 ins 522
21117 211944 ins 665
36962 149860 del
44724 173633 del
41598 123472 ins 684
42337 180072 del
54338 106229 del
79238 89335 del
168934 221930 ins 866
100016 244072 ins 231
64778 138866 ins 190
80028 206375 del
28868 82848 del
207749 254473 ins 366
109713 177229 ins 998
91009 106085 ins 104
15990 256877 ins 823
104528 130517 ins 617
52794 59146 del
18092 169308 del
103346 108005 ins 743
72592 159916 ins 737
157116 190908 ins 761
24766 74886 del
193843 212769 ins 270
117310 213345 del
121593 127040 del
213050 235634 del
208682 219223 ins 399
125972 136759 ins 444
40431 177740 del
176728 260620 del
195706 257844 ins 912
247087 262594 ins 942
19735 81555 ins 933
199824 222783 ins 892
56906 115346 del
5079 35017 del
208653 250536 ins 359
135455 218512 del
178568 189800 ins 738
32021 40860 del
81024 147107 ins 670
203390 244149 del
96415 147268 del
8266 103887 ins 920
219857 254522 ins 255
115847 118983 del
70764 107401 del
87279 111224 del
67243 139808 del
160122 230800 ins 537
14490 122090 ins 89
67103 221127 del
29915 111021 del
6695 8235 del
57655 241165 ins 738
100975 118431 del
143382 201696 ins 430
44654 128608 ins 553
105289 211644 del
41275 151562 ins 621
17471 238290 del
148624 186685 del
98759 171527 del
38885 120543 ins 514
50027 235106 del
124637 126750 del
37141 96777 del
166963 207231 del
82227 218251 ins 232
81836 174142 del
120271 152937 ins 585
27488 84487 del
29433 165184 ins 448
19338 27196 ins 883
113839 204397 ins 433
63415 203460 del
149432 186651 del
17841 143525 ins 656
105635 232231 del
12805 165629 del
58411 138098 del
88985 229067 del
55154 153831 ins 919
90767 163782 ins 433
92353 214013 ins 80
38643 134208 del
25620 201555 del
89211 229736 del
117174 197103 del
184362 228027 del
138062 263913 ins 130
46424 219171 del
66006 69171 del
196155 254695 del
71584 222973 del
168719 171188 ins 949
223058 236759 ins 910
19309 80441 ins 520
31374 255442 ins 253
62050 108669 del
74973 216739 ins 511
77764 177711 ins 265
27112 228549 ins 685
13767 37010 del
67720 256291 ins 648
180063 259218 del
119721 212509 ins 420
196011 261600 ins 874
81062 205304 del
103319 235994 del
42774 112212 del
53728 71547 ins 876
97341 189477 ins 276
170134 182193 del
120487 154946 del
150330 203423 del
66816 213758 ins 540
48110 87019 ins 237
159027 251368 del
162790 218915 del
18527 249073 del
21992 138670 ins 842
99324 139146 ins 348
60428 183415 ins 23
132708 176804 ins 92
5876 240577 ins 7
110682 147005 del
659 114625 del
71991 74553 ins 499
61594 81185 ins 813
182277 203334 ins 477
114995 127669 del
59293 102676 del
41555 232063 del
6458 94992 ins 912
41828 54224 ins 866
101393 204410 del
21297 113703 del
38904 137656 del
83933 162457 del
20612 256376 ins 622
14756 234789 del
49727 109540 del
76396 112028 ins 839
69212 80293 del
8487 219712 ins 54
126160 209159 ins 481
59432 180066 del
46085 78822 ins 622
71707 139417 del
105804 217224 ins 175
68449 261565 del
189366 242470 ins 179
228096 229532 ins 479
132273 203137 ins 833
42146 51019 ins 126
33767 141128 del
168314 200340 del
44328 247266 ins 804
14157 57804 ins 404
104696 171571 ins 681
52821 111401 ins 216
97555 126433 del
211119 259878 ins 285
186106 191663 ins 205
28802 162134 ins 268
189717 228868 del
73364 210370 del
112264 128157 del
219039 230046 del
132099 253320 ins 266
113590 253350 del
4798 64108 del
35037 134833 ins 391
136212 256211 ins 762
3627 119421 ins 422
58601 62674 del
112046 241382 ins 308
121293 193083 del
22648 52328 ins 879
23016 197510 del
43522 55051 del
77888 238442 del
172875 173845 ins 324
126556 209115 ins 873
181748 193669 del
74199 225642 ins 404
173634 181026 ins 872
144673 153520 del
3262 39774 ins 692
2245 88134 ins 95
142572 174375 ins 341
14813 67134 del
129340 157708 ins 888
7263 237186 del
28979 80463 ins 235
95267 251509 ins 320
7633 216108 del
119782 140802 del
74380 142368 ins 144
41763 205538 ins 886
37591 84007 del
53908 205798 del
29576 120067 ins 452
96037 125786 ins 407
27087 119657 del
13221 200116 ins 422
114407 225321 del
12684 73670 ins 29
8938 51533 del
142889 192754 ins 997
184751 204871 ins 845
237455 261829 del
72070 133198 del
9395 85070 del
3483 146953 del
10001 184127 ins 587
102740 190814 ins 955
143059 178931 del
2606 78634 del
150855 255407 ins 351
104299 139223 del
49095 162407 del
80081 245762 ins 400
66493 100644 ins 434
11450 204588 ins 336
32126 146068 del
40778 128797 ins 319
1088 13402 del
6090 140777 ins 767
30862 190069 ins 27
63286 128628 ins 416
3588 140427 ins 206
99327 164147 ins 473
178626 249372 ins 90
22237 251314 ins 670
42091 261534 ins 292
38479 39824 del
42509 254532 del
35842 223863 ins 164
107282 180662 del
103387 180462 ins 697
172571 191858 ins 922
84785 246732 ins 706
232105 261301 ins 949
68460 84866 del
97079 98963 del
118248 262139 ins 416
25848 78099 del
16229 123464 ins 585
81764 255604 del
165638 262558 ins 612
137312 180389 del
85239 218579 del
58677 240443 del
191280 236914 ins 939
49158 70584 del
77232 252042 ins 201
13097 194272 ins 244
346 88866 ins 422
75789 135044 del
10836 51592 ins 864
26326 242779 del
212960 258325 ins 951
195819 210130 del
47127 232960 del
110817 217568 del
113961 219284 del
32843 240940 del
29213 173632 ins 668
12595 60670 del
131290 250467 ins 75
69414 70068 del
58041 111325 ins 204
168384 225067 ins 34
93720 180726 del
79580 126398 del
57460 62591 ins 446
135357 253091 ins 988
51875 70981 del
142622 200279 del
142108 181829 del
209224 234501 ins 941
101852 182116 del
60795 191843 del
145587 155562 del
83526 253893 del
28768 44541 ins 154
108716 220643 ins 37
130915 148283 ins 337
61417 110346 ins 156
64208 233973 del
116428 129637 del
22529 105829 del
115195 168071 ins 416
81666 82874 del
52618 57638 ins 28
155514 239570 ins 788
243710 262754 ins 939
87951 213685 ins 488
12907 16364 ins 563
50253 128244 ins 414
10981 98761 del
27961 214127 del
31520 182023 del
1255 143571 ins 650
68319 107310 del
180244 226214 ins 953
167874 190913 del
81112 167249 ins 894
94886 230447 ins 702
93859 204139 ins 306
45633 120632 del
69592 143952 ins 103
179915 250819 ins 698
48781 53260 ins 10
88425 173445 del
132287 256672 ins 32
2944 169668 ins 731
23994 105711 del
51187 193961 ins 518
3348 106551 del
42267 76165 del
118413 131577 ins 305
66555 161833 ins 797
5105 194507 ins 414
186166 196399 ins 218
113625 201817 del
100769 217635 ins 261
7149 134704 ins 264
108203 237890 ins 614
115687 167178 ins 393
112835 143177 ins 565
172330 219504 del
66998 152572 ins 96
3842 221460 ins 765
158144 204521 del
147155 173150 del
205036 218862 ins 720
21689 107823 del
25137 152952 del
224217 238238 ins 551
154129 231434 ins 710
208184 214920 ins 512
91167 216837 ins 645
25972 43491 ins 260
123894 206980 del
81871 105093 del
79521 232972 del
82320 126560 ins 767
111874 227066 ins 843
6553 214669 del
55070 84673 ins 249
152664 185902 ins 702
121832 203781 ins 5
190750 200550 del
93592 242342 del
23016 76466 del
29708 160478 del
206334 229043 ins 644
218891 228895 del
227611 244614 del
73224 121794 del
145937 188875 ins 775
132340 238121 del
20991 105369 ins 385
67726 254138 del
143882 248864 del
7322 115223 del
25768 91427 del
67099 255742 ins 636
200777 261948 ins 759
23109 189017 ins 553
232882 251831 del
36145 107254 ins 649
30115 51176 del
51591 100715 ins 106
36852 110446 ins 9
156042 157237 ins 501
68642 88109 del
6137 58210 ins 630
17001 133913 del
33562 143540 ins 825
52164 110531 del
62403 96812 del
94164 244212 ins 530
145293 218002 ins 659
9509 197615 del
154709 214162 ins 723
87904 121542 ins 426
5144 160465 ins 516
22315 152193 ins 620
18731 178438 del
44456 75028 del
85891 253048 del
6219 79730 ins 787
8063 47637 ins 758
40461 65157 ins 819
22546 192953 ins 923
43919 132585 del
86005 123003 del
61604 234929 ins 628
128784 159221 del
26437 54342 ins 80
10475 240495 ins 263
114601 195471 del
136504 243837 ins 214
147737 246488 del
62203 75219 ins 644
44459 194587 del
67661 71895 ins 219
54587 220626 ins 177
5130 161234 del
146587 186127 ins 810
41502 233151 ins 175
16767 151246 del
58803 83530 ins 805
15270 73350 del
122571 184429 ins 1000
127059 144806 del
219016 242579 del
108067 188649 ins 76
56378 116573 del
35071 71118 del
133428 227221 ins 336
27735 57009 ins 399
63310 85419 ins 567
31604 215855 del
38456 70571 ins 571
228551 250980 del
172966 229066 ins 286
194140 255690 del
71640 172085 del
44139 238379 del
17817 171761 ins 389
171911 263520 del
2621 254300 del
8402 137675 del
226820 258605 del
84306 202028 ins 892
240129 256753 ins 528
48338 178577 del
125113 193654 del
131412 197810 del
46492 136953 del
59804 200284 ins 315
2457 64895 ins 75
74549 84544 del
94838 145575 ins 10
162024 234217 del
181166 235551 del
102134 203438 ins 565
9463 84528 del
210969 256965 del
132317 218169 del
27056 93742 ins 303
21265 222608 del
26456 262206 ins 447
60657 67796 del
169320 177988 del
145819 182411 ins 340
194230 260023 ins 206
42033 230163 ins 545
121281 231090 ins 433
188396 233895 ins 483
73668 216641 del
24962 126118 ins 579
65396 128941 del
27699 193057 del
28977 127464 del
51622 62140 del
94577 253030 ins 516
179538 258137 ins 415
65052 182557 ins 73
41646 264172 ins 380
86935 91465 ins 332
88045 205455 del
92718 117741 del
14501 95714 ins 904
193107 256373 del
224619 252623 del
5748 216687 ins 724
11658 27853 ins 467
233726 259089 ins 21
39145 133547 del
238650 255446 del
36446 152084 del
116072 208883 ins 712
20762 61548 del
13317 237793 ins 356
27644 53159 del
44170 183966 ins 704
72176 100952 ins 823
7836 214465 del
121170 122099 del
117995 151632 ins 352
12778 137247 ins 304
66256 195414 ins 769
170961 213946 del
15319 167529 ins 115
7308 175322 del
22678 122496 ins 573
633 72693 del
65683 252362 del
236554 249698 del
48661 249411 ins 717
14708 39415 ins 842
146874 183861 del
84814 88033 ins 484
187153 251643 del
150662 164612 ins 174
178937 257076 ins 661
166195 185619 del
62696 262780 del
48332 258946 ins 693
31646 111219 ins 67
40708 221300 del
118471 191394 del
55031 57215 ins 709
44792 248306 del
57116 106772 ins 694
51984 168116 del
118476 218619 ins 899
117856 197127 del
71861 246989 ins 515
99929 190541 del
856 251192 ins 370
47558 159723 ins 114
92153 226639 del
77243 228113 ins 459
63265 124016 ins 268
153048 226055 ins 884
64594 97552 ins 961
160317 213222 ins 844
99541 213634 ins 691
67658 252702 ins 404
35865 95535 ins 71
45901 157039 ins 591
21662 86667 del
117740 263659 ins 538
26576 78949 ins 559
14861 58596 ins 923
32003 175171 ins 469
45378 229835 ins 950
1351 43253 del
193300 226656 ins 438
