145362 262495 del
97490 133709 del
3130 263097 ins 861
190272 236650 ins 828
27435 50959 del
63293 252657 ins 485
143333 155319 del
14664 167743 ins 146
244045 251144 del
158426 173035 del
176781 248267 ins 764
6971 27877 del
71265 199457 ins 755
44095 251757 del
200857 235855 del
41123 230713 del
95476 181987 ins 431
123461 260115 del
126296 174394 del
140579 180000 ins 213
29154 90510 del
46364 198747 ins 950
107578 127636 del
36540 246960 del
2407 207584 del
37733 227898 del
31127 242133 ins 461
115788 238429 ins 731
40579 199198 del
23405 177327 ins 401
141413 148184 del
88653 112702 del
149912 151490 ins 77
207922 210842 ins 634
98810 154482 ins 762
160240 176012 ins 727
90648 159881 ins 889
11401 178319 del
71436 241043 del
114731 154765 del
137930 193477 del
107111 203433 del
42429 51273 del
39801 159355 ins 925
117684 263284 del
79206 113089 del
81984 110715 del
14366 165660 ins 962
97048 246679 del
31501 90374 del
79017 176103 ins 179
221272 240075 del
13320 197138 ins 835
164960 184435 ins 642
85048 192188 del
91391 210888 del
64070 139183 del
129618 155842 del
14878 76150 del
120470 133313 del
136636 198021 ins 884
107437 228808 del
29720 218824 ins 179
230773 237177 ins 12
10278 234615 del
87648 229511 del
87981 182057 del
147277 200893 del
106126 203567 ins 896
160000 188429 del
170423 203810 del
132146 172852 ins 887
121755 231242 ins 186
92290 200926 del
27403 250802 del
37110 118425 ins 28
2432 248258 del
36840 185858 del
29629 125918 del
60486 95801 del
117195 142835 ins 472
57656 257141 del
120516 211693 del
22283 66349 del
99145 260128 del
48987 139789 del
29641 258273 del
228566 234850 del
51169 261467 ins 348
63762 80968 ins 108
110435 234171 ins 384
202201 217246 del
29267 101768 del
103779 151914 del
49667 185598 ins 983
20345 35062 del
116577 150822 ins 660
55458 219507 ins 523
61309 214785 ins 699
113619 248330 del
51024 144810 ins 116
128868 144034 ins 21
26460 117347 ins 579
98249 262813 ins 778
21978 180800 del
105113 251866 del
7395 143643 del
111167 177596 del
196580 253938 ins 698
43129 117276 ins 957
1691 45613 del
92492 104061 ins 587
13162 29740 ins 972
88710 131557 ins 585
102546 179296 ins 714
201395 263641 ins 931
114925 256631 del
60256 148504 ins 914
217122 263739 ins 758
224370 254255 del
88958 185839 ins 112
10795 19383 del
236852 243035 ins 847
181503 181969 ins 354
70938 246687 del
90493 94874 del
26006 59624 ins 577
100204 223706 del
104065 133231 del
155833 249510 ins 983
58350 63471 ins 466
104427 247422 del
237707 252090 del
92252 158227 del
73223 148664 del
69449 143564 ins 720
22775 77040 ins 616
128843 138894 del
181346 204916 del
102353 172252 ins 905
2548 157200 ins 305
130891 213774 ins 273
8416 70138 ins 585
114270 212124 del
33330 193902 ins 339
102161 113781 del
72350 145364 del
23918 86026 ins 899
207961 224712 del
203659 263475 del
91946 138198 del
120219 202800 ins 626
170253 234618 ins 372
23174 121790 del
56440 114578 ins 487
165116 260064 del
165761 250730 ins 154
186716 190492 del
22112 131916 ins 309
174713 198598 ins 834
2043 211663 del
4605 114998 del
146141 194236 del
32520 97434 ins 264
78145 83210 ins 666
227412 256540 ins 502
36382 96616 del
90864 131133 del
71678 87027 del
174965 224464 ins 195
56261 123645 del
63119 231319 ins 876
75598 182732 del
66573 243931 del
17487 204554 del
139652 185246 ins 935
187637 190373 ins 489
12967 169777 del
89206 180051 ins 574
237211 244630 ins 615
110418 158976 del
55030 170881 del
64555 209880 del
81634 177164 ins 446
218319 247155 ins 819
175343 228540 del
39328 152821 ins 950
58847 244055 del
24662 48851 del
96706 151541 del
45784 243093 ins 402
32575 162983 ins 853
97289 102437 del
124275 125971 ins 390
124116 252427 ins 724
150685 162580 ins 815
6021 224999 del
160248 225814 ins 140
62 250594 del
220288 255325 ins 182
118379 177037 del
140257 149711 ins 846
237293 258062 del
108874 151811 del
175930 205934 ins 617
51343 119536 ins 231
12131 57833 ins 164
72429 93843 del
30415 199496 ins 831
36144 196176 del
95912 125307 ins 136
41446 162895 del
35392 162455 ins 22
134006 152571 del
206185 209359 del
139614 174379 del
32588 199296 ins 303
14471 41586 ins 4
103139 211160 ins 293
138407 247103 del
69108 255453 ins 248
14161 98730 ins 728
69018 134196 ins 154
46938 204254 ins 157
2292 128570 ins 235
70717 90186 del
237502 253892 del
94821 99021 del
161617 214369 ins 914
60438 183427 del
34632 234069 del
86642 127678 ins 796
37138 64816 del
181434 212296 del
173039 178739 del
73507 180185 del
36822 110299 ins 409
89680 125207 del
1456 92512 ins 657
157902 228986 del
190372 235424 del
74701 249983 ins 275
11590 55769 del
60517 178284 del
9380 169742 ins 960
116339 231339 ins 139
214979 248262 ins 978
54129 81127 ins 519
34246 200780 del
174647 214051 ins 795
104374 229860 ins 287
154752 188110 del
57116 100720 del
28822 91412 ins 278
121980 125614 del
30901 239116 del
65518 243650 ins 33
71153 259682 del
152299 164102 del
16429 48943 ins 884
194852 212286 ins 778
1108 8063 ins 697
81359 92671 del
85895 230480 del
21725 252924 del
170099 214484 del
43243 85559 del
6794 192155 del
26408 40662 ins 851
175678 219794 ins 670
27992 257051 del
41726 127075 del
126618 230640 del
74099 89890 ins 272
140451 146325 del
143576 263944 ins 970
81630 126568 ins 2
165283 204013 ins 846
123851 231458 del
34374 103819 ins 789
39925 211939 del
5896 196074 ins 707
168592 217280 del
23873 111156 del
21397 160842 ins 270
33453 87235 ins 127
61147 81449 ins 946
184982 228299 ins 332
160844 214147 del
21792 207363 ins 790
74485 90011 ins 512
70047 109602 ins 63
100128 208699 del
44179 69518 ins 276
186158 256961 del
40607 75642 del
116857 171748 del
46885 60838 del
5855 243027 ins 32
92476 251647 ins 165
77538 162448 del
167508 246368 del
46802 142424 ins 969
88073 225373 ins 376
67017 204731 del
11609 158205 ins 625
129444 186820 del
199483 210907 ins 318
83659 216795 ins 285
132064 176928 ins 275
81440 183816 del
226998 262351 del
83956 231326 del
108298 192465 ins 507
107350 200341 del
131508 188067 ins 473
54236 191630 del
163147 206105 ins 691
26770 149447 del
185136 208499 ins 159
175645 201621 ins 60
111233 243839 del
157025 200361 del
8417 74018 ins 761
72547 252480 ins 830
90485 119720 ins 581
86250 248383 ins 427
50479 154510 del
176326 225780 del
39050 155696 ins 638
76124 187891 del
79818 109255 ins 426
49701 249974 del
59679 177019 del
180990 209446 del
166492 238036 ins 680
89124 192936 del
32230 222959 ins 127
57482 247376 ins 315
25376 199264 ins 752
24220 191746 del
45513 96155 ins 142
64455 241853 ins 736
4798 175956 ins 179
7204 106857 ins 806
148106 217919 ins 5
126871 158311 del
125074 219269 del
170126 213501 del
149493 232579 del
35340 153420 ins 886
89583 134761 del
168936 198212 del
152406 182348 del
7826 46172 ins 952
224717 260894 del
79553 116473 ins 301
14551 127618 del
866 69177 ins 699
38 33752 ins 671
71521 237206 ins 813
32762 36448 ins 83
121065 187446 del
12626 235166 del
30514 114634 ins 109
89060 98925 del
70866 242388 ins 54
51879 156015 ins 222
30274 244566 del
73009 230670 ins 548
137205 215787 ins 572
46754 121819 del
95210 124177 del
30982 92935 del
21267 23003 del
183878 228433 del
41783 76453 del
9832 203250 ins 552
66208 191552 del
92243 260412 ins 784
61451 179115 del
8848 147656 ins 615
63206 135481 del
103362 176653 del
132133 225666 del
139819 242397 del
168024 173744 ins 676
191401 192208 ins 767
86365 132326 del
797 250511 del
38538 247283 ins 361
13685 137180 del
53857 191131 del
108075 209869 ins 319
207473 247571 del
104866 187214 ins 365
133196 140589 del
11504 259119 del
41645 112260 del
156965 160639 ins 67
42572 58821 del
61623 194212 ins 489
90047 136340 ins 798
13950 95029 del
59057 147007 del
133309 238052 del
34922 58084 del
52613 195019 del
35778 221635 del
84870 208046 del
123789 166415 ins 712
103084 148025 del
32055 230958 ins 818
156728 210478 del
19102 176921 ins 673
78207 222602 del
64131 148674 del
50824 172075 ins 203
140142 257175 del
95472 210911 del
152595 207075 del
97083 235117 ins 52
58524 248359 del
37174 100867 del
150247 190223 del
127973 236215 ins 748
87294 106236 ins 41
20534 221182 ins 313
120356 226100 del
152508 159909 del
89258 247366 del
45009 254637 ins 383
7920 255972 ins 377
162202 249012 ins 294
74483 226334 del
37039 72871 ins 925
171261 247072 del
129020 199037 ins 76
52647 211382 del
116059 124944 del
30710 44267 del
88886 120851 ins 968
158831 171372 ins 90
33847 207772 ins 928
7908 225175 ins 831
103247 112133 ins 248
94590 176644 ins 979
46174 163193 ins 695
37648 197899 del
44593 80344 ins 307
204975 236559 ins 580
59351 250461 del
26825 175677 del
78829 145575 del
142711 240963 del
165921 172066 del
234520 262777 del
29922 92200 ins 155
17829 147078 ins 150
37946 205086 del
68853 205128 ins 604
168627 203278 del
48941 170364 ins 997
34011 256651 del
248036 262972 del
247468 256844 del
87691 102504 del
128407 148182 del
133210 244343 del
4852 219079 del
87857 231704 ins 132
131977 250574 del
138794 230853 del
98987 220476 del
61901 186083 ins 663
68902 260347 ins 604
6989 148475 del
6346 105942 ins 723
124217 134775 ins 297
77357 225408 ins 708
164599 191824 ins 563
41937 48008 ins 675
237237 253685 del
31032 194293 del
21219 21309 ins 196
116459 173562 del
2787 119439 ins 680
42089 241384 ins 615
58974 219240 del
79878 169652 ins 328
88414 226183 ins 532
1891 29057 del
197382 230352 ins 335
38267 205704 del
97691 130452 ins 774
131874 209086 del
20896 82620 del
40434 254499 ins 902
1958 206102 ins 644
111929 242750 del
185776 217582 ins 707
183141 203463 ins 783
46262 61234 ins 994
180613 236840 del
79172 86671 ins 6
47926 138312 del
12912 169676 ins 134
49403 145824 ins 268
11432 99940 ins 908
134650 224204 del
199540 253162 del
22570 255184 ins 578
59758 208216 ins 26
102134 220989 del
1509 131168 del
182021 259246 del
43600 116529 del
223417 243653 del
68007 181827 ins 548
14983 88716 del
5558 185285 del
50074 197445 del
101337 146767 del
32701 179272 del
135316 178937 ins 563
219964 241605 del
43255 144259 ins 53
158128 205777 ins 534
112085 263505 del
29292 103603 ins 978
174937 190781 del
28940 134088 del
28036 36091 del
47258 106457 del
74208 124119 ins 910
31908 177458 ins 411
62151 230898 ins 29
66980 157387 del
50183 160836 del
45802 261984 ins 810
18734 33033 ins 930
72713 250369 del
135586 239734 ins 595
171174 188320 del
15145 42222 del
136844 150204 del
128277 170319 del
204457 245484 ins 753
11391 264291 del
113779 148021 del
141529 243691 del
79432 118965 del
128164 182321 del
86346 206514 del
36451 125295 del
90863 224962 del
146948 183199 del
44486 161418 del
39925 241331 del
169677 227448 ins 745
143890 183646 ins 22
112176 183975 del
63212 155705 del
5300 91597 ins 428
20612 136346 ins 931
64335 194431 ins 279
156638 257269 del
146108 190248 del
43689 179669 del
253313 255598 del
65413 68366 ins 557
224731 232378 del
91346 167556 del
100052 157876 ins 706
163197 220421 ins 589
19675 114111 del
39606 125700 ins 603
97720 115984 ins 284
73101 84119 del
222353 222711 del
146683 175189 del
146328 243683 ins 222
178089 224863 ins 661
128086 191350 ins 749
83832 184247 del
179265 194093 del
127634 246703 ins 810
224337 259887 ins 97
72748 183277 ins 832
3697 217239 del
107181 165643 del
102383 181555 ins 953
136082 219748 ins 157
42183 211641 ins 878
106694 227949 del
92451 146625 del
57745 145028 ins 588
103616 201585 ins 748
255118 260031 del
121091 199320 del
52021 77568 ins 184
120427 167823 ins 146
28494 215661 del
129107 232808 del
49881 214830 del
76608 118461 del
132542 222640 del
202299 247360 del
78142 198882 del
6119 257981 del
157819 264304 ins 311
40343 79323 del
94926 105766 ins 479
69418 135397 del
29259 137212 ins 201
136362 176061 del
6060 191136 del
16293 84144 ins 938
162641 216815 del
10533 169138 ins 288
5379 242039 del
154024 177120 ins 451
7963 17540 del
33239 117562 del
170055 187509 del
116968 167556 ins 124
59929 221976 del
60752 261880 del
149988 185023 del
91338 120977 del
87242 256179 del
7488 104347 ins 263
106705 236773 ins 902
7777 94821 ins 998
29766 199328 del
778 194467 ins 416
62734 104946 del
120614 134898 del
24632 183462 del
23756 188960 del
112940 249774 ins 475
27916 256101 del
149584 171520 del
100080 240415 del
92926 206040 ins 585
107660 187886 ins 265
169190 175527 del
62649 150198 ins 458
118082 256435 ins 68
63748 179063 ins 275
153402 175302 ins 600
57989 104398 ins 261
14790 182322 ins 93
140495 213693 del
12385 178933 del
10605 86818 ins 258
106644 112136 del
177170 195979 ins 375
116309 192643 ins 778
21975 33476 ins 569
129648 161701 ins 105
78380 178265 del
192981 237470 ins 907
72711 256369 ins 185
22826 138542 ins 227
164097 199339 ins 438
139484 262971 ins 751
136352 258119 ins 192
33295 63000 ins 332
103277 262914 ins 752
50591 195598 del
132934 229628 ins 804
97138 191181 del
123421 190399 del
25151 176036 del
49871 253127 del
66632 131306 del
120256 159425 del
174027 249443 del
56794 134259 del
45784 121429 del
59546 212123 del
147821 217293 ins 11
56111 241542 ins 442
37849 85018 del
142365 164551 del
82656 110687 del
34315 45659 ins 312
107807 137624 ins 851
2698 94399 del
163329 194832 ins 912
75401 78091 ins 794
125559 154328 del
85646 248606 ins 192
61567 79562 ins 706
69379 229030 ins 773
36219 155623 del
60318 240753 ins 203
56364 229096 del
141936 239233 ins 991
191397 259801 ins 755
31686 117664 del
92932 162726 del
145439 258588 ins 969
222111 238804 ins 746
118637 166286 del
75704 87683 del
52167 189309 ins 575
57394 231808 del
48593 214854 del
18074 54588 del
60627 112198 ins 764
55866 94183 del
93439 231849 del
28929 222588 del
109226 173638 ins 696
150238 166525 del
139105 174706 del
148512 248240 del
188690 201610 ins 325
117318 145484 del
83197 84954 ins 974
195600 219998 ins 768
153038 179621 del
112990 120971 ins 543
199253 213424 del
40567 48475 ins 451
24057 200857 ins 296
131893 146122 del
99391 179250 ins 506
224339 229378 ins 840
31072 190577 ins 825
92127 230676 ins 639
186489 204673 ins 563
38423 60888 del
6922 240615 ins 445
91407 219661 del
102933 164279 ins 723
2500 46727 del
84763 258510 ins 109
164110 245480 ins 500
94521 124693 del
16639 65236 del
99736 187418 del
62324 117920 del
122503 236090 ins 900
29118 200717 ins 414
176851 242348 del
123406 149388 ins 282
74382 226198 del
14725 258511 ins 265
128372 262824 ins 193
7978 223460 del
17835 47525 del
116300 261323 ins 911
100704 143744 del
66091 70752 del
64037 151695 del
90128 145313 del
63321 148586 del
72478 196210 ins 581
67585 149624 del
216571 258146 del
18134 127104 del
7096 27153 del
22237 37712 ins 671
23981 75814 del
13108 243196 ins 677
92535 222484 ins 107
11260 87231 del
16029 83689 ins 665
147345 213896 del
131431 210035 ins 737
94975 222541 ins 94
31877 72022 ins 876
194523 238812 ins 372
100456 262482 ins 808
375 129339 ins 863
197863 250453 del
132578 235682 ins 677
208669 244031 ins 355
4052 259030 ins 606
21461 47596 ins 773
35895 195230 del
91837 143338 del
35011 107190 del
125527 158209 del
15847 119942 del
34502 158874 ins 734
113134 243875 ins 857
60904 112139 del
2830 72162 ins 152
27303 223417 del
166620 237831 ins 752
133159 204501 del
64362 80690 ins 75
9404 137384 ins 305
202288 257181 ins 686
46532 89289 del
21610 174410 del
116091 262676 del
183247 223404 ins 242
118223 237954 del
199076 205326 ins 129
10243 208686 del
123303 184300 ins 987
133101 193270 ins 898
4456 263461 del
67825 153494 ins 252
41661 43661 del
19865 182697 del
89665 260785 del
37435 99758 ins 915
49527 154655 del
86472 162150 del
107905 154793 del
49540 86881 del
9178 108896 del
51169 187824 ins 334
168696 217731 del
12937 216116 ins 636
180205 239637 ins 953
187002 250263 del
106780 108684 del
49534 259520 ins 576
171810 211600 ins 662
68336 195963 ins 528
133057 219415 ins 955
51513 69235 del
95632 244684 del
105395 145694 del
100910 177245 ins 41
89665 131816 ins 592
146527 239253 ins 672
148076 250106 del
108996 211835 del
55112 96827 ins 231
31568 85113 ins 461
46517 140597 ins 350
32944 53160 del
84286 231413 del
131056 144081 ins 932
71707 181131 ins 835
74989 148985 del
62251 163195 del
21987 120781 ins 31
121400 231972 del
146634 155611 ins 374
113393 177589 del
167592 228924 del
217032 227863 del
85063 195977 ins 11
197139 227748 del
9462 178690 del
81449 102821 ins 725
56729 179762 del
69012 97251 ins 322
177989 250057 del
84325 108128 del
22256 117297 del
132771 162248 ins 164
133069 169234 ins 218
204709 261508 del
175906 195800 del
83585 149822 del
168315 174773 del
246293 258679 del
58230 191388 ins 691
16465 78311 del
88539 102220 ins 246
34905 68103 del
121803 259394 del
397 122831 ins 139
223700 226335 ins 440
17752 33820 ins 276
195685 214111 ins 624
6932 68665 ins 416
48586 159428 ins 740
184657 245136 ins 805
15631 142849 del
39000 138148 ins 126
35844 199872 del
151912 241038 ins 200
77033 157692 del
15331 243265 ins 468
169997 225309 ins 748
109122 233817 del
67486 138750 ins 455
85339 211120 ins 82
3774 185373 ins 337
79096 138043 ins 734
32084 238676 del
44156 183083 del
164140 191107 del
58218 92530 del
104948 235787 ins 442
27758 97229 ins 848
89346 96303 ins 80
215974 253407 ins 668
21331 175087 del
91595 96065 del
54520 173908 ins 3
78599 92782 ins 296
232562 252609 ins 498
205680 205952 del
95286 228946 ins 762
40160 153858 del
56242 256765 del
44795 115881 ins 1
142278 218361 ins 35
204376 250473 del
2172 30096 ins 174
185804 260758 ins 346
112933 122112 del
29013 192676 del
214768 221940 ins 615
97191 130953 ins 933
179158 210195 ins 81
71454 131104 ins 115
53599 176460 ins 66
17183 117557 del
38318 73093 ins 818
204838 229833 ins 330
68101 205404 ins 533
7474 234913 del
55098 99445 del
103529 237450 del
19625 204876 del
65427 172348 del
183257 208888 del
147613 203275 ins 881
194894 230677 del
29466 50960 del
18265 25124 ins 410
109286 186335 ins 676
38935 245062 ins 478
43454 119596 del
71273 168211 del
22446 74983 ins 512
90413 92601 del
53600 101190 ins 7
106964 227279 ins 872
185447 202953 del
26986 102633 del
75499 163671 del
185142 195838 ins 473
103590 254126 ins 284
33612 208014 del
142328 175886 del
41863 79890 ins 79
111608 214022 del
183400 204633 del
53049 149556 del
44073 222273 del
21811 112519 del
7925 197637 ins 24
60859 159873 del
99038 235257 ins 804
91438 134587 ins 616
145797 243619 ins 78
151984 256171 del
78450 98058 del
31613 191703 del
17234 63940 del
18138 216498 ins 555
130525 163942 ins 592
4141 200286 ins 736
193589 196652 ins 103
104088 192233 del
1808 113389 del
59645 183015 ins 797
98820 243594 ins 135
120601 164401 del
121363 225838 del
61116 166233 del
31078 181311 ins 214
138111 203306 ins 549
62401 216911 del
197089 220035 ins 388
119660 193734 ins 578
45459 229757 del
181483 227278 ins 788
20725 221568 del
2431 55058 del
17618 40051 ins 24
112804 220221 ins 688
20813 243165 ins 552
111676 139580 del
59153 96406 ins 825
102209 131071 ins 710
59901 183010 ins 260
58165 157883 del
149352 244314 del
126274 223667 del
25236 144591 ins 293
109566 257189 del
57085 126257 ins 32
33934 245253 del
13796 135893 del
38321 228429 ins 171
39688 50252 ins 632
65617 240856 del
16508 97029 del
81335 86708 del
11745 44656 ins 111
68101 225589 ins 657
22853 257224 ins 887
25022 150084 ins 922
27210 258849 del
10250 101319 del
21579 127277 ins 388
104728 169108 ins 877
124817 223576 ins 890
248196 262866 del
78969 147701 ins 12
106918 188421 del
10451 66339 ins 797
45239 97275 ins 205
56714 254624 del
24003 140995 del
128991 257656 ins 984
175818 200861 ins 643
23520 198898 ins 257
177565 188732 ins 308
413 253260 del
57319 148754 del
141398 206482 del
59802 160993 ins 224
191575 247307 ins 776
133672 144283 ins 873
99624 108262 ins 633
98022 238757 del
111830 228537 del
106728 249366 ins 698
75652 150159 ins 584
91879 110253 del
83636 189163 del
29954 92299 del
119390 248384 ins 923
214030 255967 del
182651 197012 ins 945
46434 215177 del
16151 103183 del
40093 176416 del
30446 151098 ins 283
49111 240403 ins 613
633 61894 del
127705 228523 ins 548
22006 74382 del
5225 12163 ins 318
6059 261395 del
72527 248023 del
35528 158228 del
139953 259529 ins 99
9635 96830 ins 654
132441 143508 ins 885
51320 218682 ins 349
103465 141446 ins 975
129290 243875 ins 642
117000 243361 ins 39
43580 260193 del
54280 59081 ins 604
118630 186280 del
50302 186120 ins 97
121251 163747 ins 87
20805 166979 ins 857
84914 181426 del
60221 64222 ins 248
212663 238302 del
134345 142614 ins 703
72960 119694 del
152911 173822 ins 582
16204 66425 ins 17
100546 227511 ins 594
107278 230247 del
29965 244759 ins 793
17039 31108 ins 770
101608 248359 ins 463
2445 236090 del
45868 199565 ins 79
121720 206195 del
85138 254185 ins 918
147575 256634 ins 267
181714 257840 ins 878
121023 221097 ins 136
91357 200024 ins 453
165849 197644 del
79969 117532 del
36913 140327 del
131909 159758 ins 553
2845 67802 del
190166 257273 del
216105 246203 del
116751 257253 del
141277 170457 ins 935
107633 109148 del
5208 156314 del
20687 123281 ins 708
113603 214188 ins 344
112791 113761 ins 678
52036 106153 ins 731
194007 244836 del
69367 139475 del
102134 143173 ins 199
222320 246949 ins 226
160076 182176 ins 342
124842 166766 del
63920 254734 ins 387
199577 212069 ins 456
150526 178428 ins 320
22221 151697 ins 213
9903 49698 del
81202 82359 ins 464
136968 197961 del
28181 150246 del
34099 185327 del
183711 246372 ins 755
8805 67752 ins 321
67029 72746 ins 656
147899 178158 ins 497
99892 124663 ins 723
51495 219352 del
58556 112359 ins 353
190857 211956 ins 720
186023 218012 ins 926
78648 229339 ins 13
26421 169393 del
96873 175633 del
5046 31081 del
34424 47839 ins 56
12736 33784 ins 39
80121 87954 ins 987
88655 219921 ins 907
83672 176705 del
135362 143358 ins 504
119895 207734 ins 840
106195 132391 ins 902
14573 37244 ins 277
88615 102427 ins 561
179938 228768 ins 689
161168 245059 ins 215
90707 141244 del
168407 208876 del
99797 194202 ins 479
25268 239853 ins 959
173586 222548 del
23523 257313 del
133018 215595 del
123600 164274 del
76382 218934 del
79869 198352 del
16579 30608 del
148822 222536 ins 919
59580 216417 ins 383
653 233394 ins 839
171834 237833 del
136338 217436 del
114381 172068 del
54406 187843 ins 493
4112 89911 ins 733
5597 224088 ins 583
16604 24454 ins 989
46255 201275 del
11728 153033 ins 686
148368 232307 ins 164
13547 222902 del
7627 113986 ins 835
35641 259323 ins 975
176964 247548 del
132423 247622 del
29782 127989 del
64285 185133 del
70690 239179 del
9550 53566 ins 503
235801 261278 del
66009 183245 ins 491
16307 177892 ins 200
114544 123496 ins 711
15904 231254 del
122530 150901 del
64328 235669 del
70051 155756 ins 556
23121 108038 ins 883
8277 50975 del
71966 201987 ins 305
178808 256580 del
17812 134213 del
175272 183917 ins 754
87456 254501 del
108692 224626 ins 504
78860 233511 ins 615
121996 229825 del
6242 28884 del
43971 171852 del
47970 200047 del
670 260905 del
24847 246534 del
2889 122348 del
52891 185171 ins 933
95923 198631 del
96304 168262 ins 103
16985 44886 del
118298 211065 ins 412
51279 122456 ins 273
75047 232498 ins 80
62762 140003 ins 114
150079 159593 del
6218 92039 del
32907 137786 ins 912
103441 191723 ins 577
119676 206803 del
156881 218232 del
14376 176475 ins 918
84238 121849 ins 309
20040 60715 del
24088 146150 del
139123 225440 del
130676 183388 ins 119
161906 192898 del
187849 219130 del
41502 153576 del
192894 202284 del
46148 116810 del
68487 246374 del
8484 33381 del
64676 206383 del
19576 213540 del
139064 231760 ins 840
89544 240539 del
55733 245377 del
148939 245772 ins 558
82862 261075 del
28699 232611 ins 809
172730 210156 ins 963
116122 253266 del
125033 249594 del
66518 108852 del
179412 193932 del
210548 254824 del
124742 211439 del
163652 185711 del
163004 238413 del
29946 163602 ins 508
153224 250605 del
23532 85427 ins 765
66517 78199 ins 930
18668 232217 del
44324 97505 del
36100 119821 del
5505 202659 del
118202 219973 del
105046 186935 ins 75
93258 185923 del
14748 188786 del
72327 163210 del
79189 183551 del
136295 214806 ins 728
116024 116537 del
35910 250205 ins 782
20053 98307 ins 367
17514 188739 del
160325 183151 del
187868 235529 ins 436
98088 189974 ins 385
42503 255162 del
51848 215675 del
73100 152182 ins 480
24960 30060 ins 856
116373 201649 ins 675
21215 41855 ins 157
83119 199327 ins 973
99682 135221 del
109489 130409 ins 233
9682 68038 ins 854
191809 193355 del
65329 129632 del
202738 229884 ins 751
4352 152407 ins 175
156697 169031 del
4208 151632 ins 881
807 220931 ins 615
51121 69941 ins 501
90523 221331 ins 521
8515 13915 del
92303 224195 del
120241 201343 ins 926
218714 229966 ins 735
141637 164096 del
18834 106664 ins 620
11882 19920 del
66179 217885 ins 92
18245 138580 ins 631
20976 76332 del
111060 149090 del
155390 161814 del
153303 226625 del
151532 247823 ins 92
108578 136242 del
36488 205612 del
191785 224405 ins 742
77660 241048 ins 486
144662 226217 ins 421
182056 260998 ins 913
13095 96922 ins 934
121640 146300 ins 178
41718 147375 del
200703 229501 ins 193
53218 258119 del
102629 121719 ins 659
47228 91525 ins 793
20806 241256 del
77759 135154 ins 204
50871 146197 del
8768 52978 ins 54
161332 195769 ins 551
122296 235649 ins 876
213246 223671 del
15768 218935 ins 66
168862 236435 del
87675 221442 ins 858
26261 235952 ins 612
230337 262319 del
1598 110896 ins 103
96834 104357 del
38378 40617 ins 368
63572 130526 del
119612 252225 del
96910 178698 del
112962 176691 ins 211
10860 237793 ins 70
42500 198130 ins 716
9930 189775 del
136384 239479 del
244197 252299 ins 365
139979 244577 ins 88
99807 166124 ins 720
93535 252950 del
49368 184227 ins 951
179 183426 ins 319
36271 96705 ins 70
8192 36755 del
225424 226028 del
108192 208703 ins 393
49655 119363 ins 565
146217 219470 del
213105 254365 del
254874 258801 del
81632 219991 ins 900
171516 239890 del
103622 122829 del
61135 91829 del
105474 176858 ins 367
17570 172947 ins 251
23862 67825 del
6933 33436 del
6584 146775 del
10745 107094 del
46449 230590 del
157585 244672 del
29852 157232 ins 212
21085 252019 ins 236
48713 82195 del
218809 263162 ins 292
133708 169604 del
74418 110774 del
197280 203690 del
126229 157659 del
223861 237381 ins 552
1266 239462 del
15610 119524 ins 589
121438 196075 ins 218
90811 157289 ins 976
71956 100843 ins 253
132725 156257 ins 119
140180 252038 del
73310 147011 del
76081 213746 ins 629
195007 257943 del
68280 83707 ins 990
171738 245766 del
32890 204199 ins 888
86662 164189 ins 460
91673 264231 del
6533 187331 ins 769
118026 122644 del
125115 215860 ins 383
249192 261222 ins 476
151286 196533 ins 527
9196 92418 ins 701
24010 167626 del
92529 159391 del
10602 142893 del
83412 142424 del
122055 237683 ins 852
94556 195232 ins 308
141695 244656 ins 73
34139 80849 del
115853 238379 ins 61
156064 256496 ins 472
9370 37180 ins 103
34902 250979 del
98319 144620 ins 978
35119 255068 ins 943
174654 206241 ins 10
177240 234423 ins 896
64964 176925 ins 741
90643 173001 ins 579
132258 158130 del
117842 161029 del
163098 214806 ins 517
116705 124387 del
126961 218934 del
56404 219570 ins 684
109827 133946 del
88406 106086 del
92643 128809 del
128478 223995 del
73713 238810 del
13965 15235 del
98391 169732 ins 886
55682 136582 del
138469 148985 ins 907
136800 140798 del
103429 240266 ins 718
20839 222283 del
47978 92080 ins 602
41636 136748 ins 996
96363 142804 del
73539 258380 del
110770 201649 del
166665 223613 del
253449 262922 del
141433 262874 ins 571
58972 253676 del
73658 83989 ins 504
59297 110614 ins 828
82732 136604 del
56815 97254 ins 116
177011 226912 ins 975
7171 217625 ins 303
94469 159900 del
131893 229672 del
209504 212198 del
32041 171882 del
8257 65415 del
58532 135017 del
180315 201308 del
28686 215804 del
196596 219463 ins 480
33344 79949 ins 750
18470 158547 ins 494
39637 232254 del
58513 228229 ins 404
81207 257759 ins 995
23007 194593 del
65465 235874 ins 153
43337 214428 del
237826 242384 ins 199
182114 219771 del
128434 237782 ins 962
183218 231069 ins 127
33487 36423 del
26988 218916 ins 652
109850 170048 ins 464
56917 182582 del
158722 162417 del
259126 264302 ins 418
201163 251846 del
71977 260786 del
24124 171114 ins 456
92694 104104 ins 358
89891 189390 ins 170
7574 91757 del
50618 220061 del
130323 168689 ins 40
64767 258562 ins 340
52597 75471 del
24362 223998 del
143289 150365 del
143862 258337 del
161843 186696 ins 997
35124 252046 ins 453
39614 127745 del
15204 238765 ins 119
902 232650 del
174659 176710 del
13514 144470 del
55124 216126 ins 647
152969 163835 del
139843 249709 ins 596
91634 184611 del
66070 179130 del
26112 42673 ins 830
47378 241637 ins 847
19894 73273 del
237959 257121 del
90283 126162 del
15364 111148 ins 971
80411 89885 del
37517 195376 del
137734 255451 del
79423 88655 ins 685
121076 262423 ins 834
30141 109952 ins 702
206757 241831 del
58935 257501 ins 960
97404 143601 ins 450
90116 247793 del
64168 97155 ins 82
37886 145821 del
122385 246592 del
134341 137436 del
86885 192108 del
33593 247476 del
89321 93398 del
120342 124721 del
24192 101597 del
21606 248132 del
141370 198929 del
133098 174537 del
80615 144223 ins 379
123108 203077 del
70722 196972 ins 368
148817 184837 ins 159
120675 149987 ins 364
44332 48584 del
64501 189981 ins 387
236394 256031 ins 917
28716 119977 ins 20
140939 156523 ins 645
135 31344 del
188343 230722 ins 965
21640 124253 del
67384 215946 del
16793 71861 del
170768 235894 ins 490
91414 148466 del
84828 187527 ins 179
80030 159794 del
525 144600 ins 534
51989 134704 del
32232 100414 del
32021 35003 ins 57
132661 170134 ins 617
166088 166465 del
84093 245879 ins 116
126140 197841 ins 485
96486 145856 ins 245
145823 198384 del
120887 172263 del
255437 258679 ins 907
139945 241168 ins 669
8590 123327 del
185663 220628 del
161911 185728 del
119227 252791 ins 641
129757 145216 ins 315
15358 114362 del
76855 228276 ins 931
162006 209124 ins 208
176556 199137 ins 737
47713 194185 del
71776 130193 del
143613 243919 ins 842
130052 169850 ins 534
57058 158028 del
55030 80968 del
99366 104259 ins 423
44818 97650 ins 732
110004 246232 ins 538
130327 149688 ins 777
72714 164678 del
189356 225520 ins 643
41533 242582 ins 928
11151 118673 del
21864 65532 ins 718
39968 94402 ins 657
51817 165262 del
78658 96194 del
92170 106791 ins 706
83894 218708 del
121484 147110 ins 376
24859 197559 ins 220
18763 198014 ins 652
41253 91955 del
16375 64740 del
177158 200689 ins 361
84921 255136 ins 67
150027 217476 del
214559 257467 ins 200
117289 263381 ins 808
92754 245517 del
45836 108522 ins 123
158028 244086 ins 107
53591 223863 ins 323
216922 243845 del
239637 252589 ins 532
1004 257070 del
105414 167260 ins 578
175745 247795 del
136434 258228 del
176944 209939 del
54994 223947 ins 439
25213 163711 del
101642 189795 del
86731 176414 del
170293 219447 del
113244 260225 del
235102 258305 ins 277
17309 178596 ins 343
80907 222238 del
12218 234972 ins 934
109116 198221 ins 141
82149 238467 del
11980 260763 del
173184 224662 ins 430
76613 198567 ins 238
58161 142434 ins 844
95467 241340 del
5833 39240 ins 530
14777 162575 ins 913
19197 178558 del
14602 89383 del
63747 107308 ins 960
42689 227515 del
132398 200449 ins 651
145417 206016 del
131620 193797 ins 668
194211 209058 ins 112
46707 80419 ins 947
191928 228285 del
157475 210633 ins 964
99071 171239 ins 312
81537 125443 ins 122
155535 216863 del
152586 161868 del
60081 66287 ins 595
9726 167856 ins 362
37054 117923 ins 685
193272 210969 del
71062 172583 ins 641
70922 94357 del
164054 232620 del
87905 99766 ins 249
36901 63993 del
128461 203694 ins 925
53813 261573 ins 691
29613 193866 del
139822 183964 del
96610 238127 ins 670
125879 219539 del
137595 183755 ins 136
95821 103853 del
153908 158553 del
120530 156417 del
30822 128464 del
193367 253428 del
147774 183958 del
11468 141386 ins 907
14835 235851 ins 284
163680 235281 ins 46
49250 258289 del
24472 86142 del
35487 67889 ins 247
110818 145456 del
107353 199391 del
212347 258503 ins 70
26724 85102 ins 325
119521 151469 del
128844 224677 ins 815
22190 154423 ins 864
164908 244713 ins 731
2875 23826 del
54158 171660 ins 131
45641 80223 ins 740
98003 192351 ins 178
235971 250418 ins 312
134246 176274 ins 347
234838 239748 del
62478 93345 ins 688
62149 76287 ins 243
109877 204614 del
73836 77778 del
194252 263845 ins 185
62200 147232 ins 342
5410 12962 ins 932
150724 187387 del
103557 242462 del
62485 125670 ins 409
147474 226792 ins 1
13705 258133 ins 185
85168 228594 del
4054 100463 ins 108
55210 157925 ins 580
23194 41214 del
102666 205823 del
95475 152216 ins 75
120344 149967 del
20511 143609 ins 379
59976 243495 ins 452
65380 153689 ins 856
186205 190107 del
42931 73417 del
46073 133269 del
150743 245180 ins 525
31390 50778 del
42206 66145 del
6919 211236 del
13705 262546 ins 536
10924 103249 del
19239 75340 ins 381
62989 149989 ins 174
78984 230453 ins 151
157792 221261 del
38051 188198 del
80901 206563 del
16455 115541 ins 770
64556 247743 del
177953 247784 ins 579
29884 109384 ins 130
91669 214485 del
184445 238135 del
33754 166472 del
39551 42208 del
10950 164978 del
242541 259268 ins 920
35096 99747 ins 537
100166 135194 ins 235
200374 207992 del
51270 241274 del
52784 228625 ins 998
101835 142898 del
135951 230899 del
27801 212780 del
38539 207462 ins 937
45142 216686 del
221716 228797 ins 289
11060 228818 ins 301
162993 219782 ins 318
97625 162849 del
103799 215957 del
2475 214718 del
167551 259760 ins 466
17957 122020 del
140949 262618 del
62127 121841 ins 228
35836 183365 del
174133 243725 ins 652
66161 138790 del
1870 259499 del
39303 161090 ins 428
112085 197412 ins 963
6284 57288 del
129789 191644 ins 630
150856 261382 ins 595
17089 165096 del
143581 181019 del
38047 161107 ins 954
103360 114912 ins 659
22710 66869 del
186452 240819 del
137394 256650 del
50337 71691 del
43223 234695 del
76276 81203 ins 167
40089 261863 ins 569
5508 201647 ins 171
29679 239897 ins 186
28854 170317 del
14727 206772 del
70419 196374 del
124626 234101 del
127285 138225 ins 192
79666 203072 ins 20
202210 254337 del
57145 263629 del
6989 17670 del
221688 249789 ins 290
166642 190941 del
207654 260553 ins 807
21427 198256 del
70579 243318 ins 967
225977 250574 ins 440
201113 211959 ins 907
46650 153137 del
16507 171740 del
245 206070 ins 535
51383 101399 ins 755
150529 179903 ins 160
31382 98277 del
29380 125524 del
124332 245173 del
11392 224424 ins 469
3297 5612 ins 630
255738 263722 del
34742 239000 ins 816
65673 178475 del
73192 136396 ins 262
1618 252907 ins 265
117277 142608 ins 878
53034 195774 del
4819 152293 ins 802
91037 195098 del
33354 100640 ins 562
85247 163442 ins 571
120243 134803 ins 783
152090 196184 del
61290 231196 del
9203 27116 ins 646
154883 212639 ins 207
35657 161549 ins 880
20714 192236 ins 850
33871 221738 ins 131
56382 235363 del
78969 186150 ins 66
1179 112474 del
21698 78176 ins 522
192169 238227 del
37217 88665 ins 414
205186 255113 ins 129
99877 243931 del
19958 136498 ins 841
2055 191115 del
20411 86904 ins 238
10399 103527 ins 425
107378 241582 ins 798
101106 139460 ins 138
40178 156022 ins 921
5148 99952 del
72352 260693 del
51483 140219 ins 39
83016 158864 ins 599
54956 239726 ins 136
95089 217402 del
1976 22995 ins 135
20256 127018 del
98233 118722 del
202576 245017 del
23004 154925 ins 118
120771 180438 del
56524 218526 ins 375
49750 117834 del
13422 147450 del
98042 102436 del
121733 164473 ins 389
180174 194489 del
183218 210647 ins 460
3732 72389 ins 638
156782 238503 ins 292
25210 58814 del
60085 107401 ins 904
129979 162512 ins 846
45541 50133 del
91561 226225 ins 223
104607 244936 ins 549
184325 259163 del
218836 241772 ins 777
58085 94710 ins 232
148302 235163 ins 419
214868 222355 del
126394 241638 ins 436
97074 216115 ins 91
119018 239218 ins 326
148627 252837 ins 127
110116 251745 del
215474 260364 del
37804 57334 del
76482 77933 ins 841
54354 125479 del
51973 83326 del
62402 145945 del
193366 201543 del
21685 86537 ins 231
141749 186461 del
116078 222815 del
36344 201019 del
176069 221087 ins 240
160376 210742 del
21179 171618 del
54489 250225 del
124710 200508 ins 349
118013 150801 ins 388
219816 231655 del
71289 160931 del
8193 234746 del
41426 66407 del
403 102183 del
135537 142493 ins 141
159170 254999 ins 629
68435 104947 ins 769
209263 234677 ins 991
156557 186124 del
150026 159398 ins 584
173294 185388 del
165084 201207 del
125083 133592 ins 868
141223 232885 ins 184
65108 251369 ins 74
78249 208484 ins 279
82136 123319 del
24012 206223 del
52478 125384 del
63988 198517 del
13597 239661 ins 782
58189 139088 del
108351 204711 del
68491 192888 ins 105
184749 207644 ins 250
140 111448 ins 821
61655 143896 ins 186
81750 234942 ins 212
172865 224067 ins 974
3567 231354 ins 397
33481 222146 del
12727 16260 del
43217 142848 del
27984 52846 ins 924
244817 255354 ins 805
182025 182894 del
81455 118765 del
108119 140529 ins 184
45899 238836 del
132453 152874 del
184621 228643 del
38832 89589 del
72669 205008 del
57803 225102 ins 229
239012 255698 ins 499
62898 86775 del
71911 216636 del
9036 84015 ins 912
26859 129034 del
217480 259294 del
65453 126260 del
33624 60935 del
110514 174507 del
90295 172184 ins 764
76427 81143 ins 270
52915 247128 ins 575
222146 252797 del
105119 162329 ins 401
147891 160929 ins 389
87945 226656 del
19056 151232 ins 857
94545 239455 ins 25
90716 237335 ins 149
29567 234908 ins 750
170670 193859 ins 761
74079 153932 ins 932
86241 211712 del
4838 26343 del
82014 95538 del
57943 181167 del
45713 96283 del
2685 71669 ins 651
52221 196766 del
9155 14432 del
63273 128233 ins 957
144645 241916 ins 528
112209 239872 del
209547 227422 ins 240
40132 115590 ins 280
107760 256876 ins 105
204057 214807 del
150938 194092 ins 947
221395 225707 del
184321 254295 ins 996
82981 107230 del
171735 224443 del
63138 254575 ins 804
152103 251529 ins 427
59991 143656 ins 253
132466 235450 ins 46
120571 142252 ins 733
43679 126170 del
135705 195639 ins 616
35972 72885 del
97021 198666 ins 796
25203 130200 del
29230 123285 ins 508
140721 256324 del
138926 192879 ins 4
194772 222842 del
89868 146136 ins 8
143165 262924 del
103256 181195 del
23920 69270 del
238478 243587 ins 140
35154 60311 ins 228
236014 250774 del
57854 185541 del
23964 179207 ins 733
25261 165706 ins 479
115746 140209 del
85514 111093 ins 563
151651 182289 del
19380 219031 del
59942 162535 del
79254 250337 del
196244 215110 ins 273
125563 240245 ins 676
20608 248884 del
77010 136510 del
9758 216674 del
2113 48288 del
263811 264031 ins 83
60198 223980 del
5470 65732 del
79246 119773 ins 159
66210 160965 del
71625 160862 ins 1000
172964 207679 del
161041 165447 del
153553 171368 del
22260 22937 del
93949 181285 del
213233 232983 ins 770
37106 147324 del
28932 57767 del
1448 205616 del
63573 169676 ins 957
26923 193389 del
56785 160312 ins 413
39453 196983 ins 550
109124 221473 del
47339 239127 ins 710
18932 53567 del
100677 144790 ins 470
1602 161407 del
51609 140634 del
159481 162116 ins 862
217485 260464 del
84933 186297 ins 364
56909 150409 del
4000 250414 del
111290 230306 ins 840
207391 243085 del
44060 254989 ins 271
233301 238753 del
101375 111314 ins 7
156686 220312 del
78870 96951 ins 741
204483 247021 ins 536
85809 156173 ins 600
41930 109897 ins 868
30689 156916 ins 323
40330 158426 del
84372 242896 del
3108 119886 ins 274
67906 244906 del
17331 124044 del
14689 30073 del
22417 86141 del
160354 234823 del
71008 194704 del
242840 246861 ins 517
115011 230655 del
52115 201166 ins 555
173643 203512 del
125316 251854 ins 530
194738 237501 ins 306
190699 208106 del
24053 124641 ins 554
181337 193457 del
48184 143222 ins 152
2642 147471 del
84166 222800 ins 250
55765 204383 ins 763
138946 249774 del
192208 263318 del
94130 216511 ins 646
192384 238967 ins 306
145070 185523 ins 527
103433 237007 ins 87
42292 123125 del
40349 46269 del
19356 138018 del
83876 251364 del
245977 249996 ins 754
28633 202315 del
31921 111120 ins 87
24399 100834 del
2208 24891 ins 439
23713 28156 del
68456 87428 del
85441 169352 del
9088 240267 del
224144 237672 ins 98
69596 78288 del
125356 131165 ins 493
122243 156626 ins 998
107177 184177 ins 529
66157 211759 ins 959
21045 232415 del
129050 195536 del
36217 82270 ins 554
118427 147793 del
191166 238932 del
25020 76714 ins 825
42247 92263 ins 354
107024 135115 ins 233
18762 102661 del
198924 247970 del
45761 133889 del
56531 155263 del
100379 123885 del
22715 256944 ins 710
33559 253548 ins 936
37848 263376 ins 755
77319 198737 ins 436
12875 112920 del
171125 199374 del
27738 170918 ins 724
132441 215029 del
24339 143483 ins 62
125586 148940 del
203035 260522 ins 671
190638 251060 ins 823
89092 131943 ins 316
144629 231827 ins 771
149277 158225 del
93235 185529 ins 327
105001 149115 del
54679 160886 ins 780
67333 215222 ins 487
172152 178695 ins 474
178230 211452 del
25027 126242 ins 417
83533 240164 del
44664 186824 ins 481
54459 141255 del
117445 217344 del
32056 235336 ins 938
3635 181768 ins 814
14758 46010 ins 35
71124 166903 ins 41
36592 105619 del
219885 262431 ins 534
136181 153193 ins 80
69809 167283 ins 595
64404 164205 del
109699 187594 ins 28
33745 240041 ins 950
169690 202051 del
154523 166032 ins 945
21589 128612 del
240464 252887 del
63651 208606 del
50671 216542 ins 172
104380 260111 del
20377 157892 ins 546
99910 185894 ins 435
203889 238224 ins 62
118975 221270 ins 359
149050 193865 del
100486 160281 ins 294
14427 19513 ins 194
141792 215524 ins 502
153111 253577 del
129764 243059 del
20196 162106 del
34780 255414 ins 161
6383 46888 del
64119 152641 del
122948 239084 del
18416 58011 del
195996 237585 del
13087 162476 ins 707
15226 67236 ins 64
166499 222480 ins 8
44464 104026 del
147626 159491 ins 415
56872 257914 ins 523
63909 72632 ins 819
134807 159436 del
38779 125966 ins 416
173524 233144 ins 567
11583 80137 del
188317 203930 ins 156
19242 259870 ins 553
150453 200917 del
22855 58074 ins 603
195077 204495 del
127184 233475 ins 224
81839 185451 ins 589
6833 30809 ins 891
166493 166929 del
61021 222566 ins 523
47496 245089 del
52352 122318 ins 383
63137 192966 ins 922
13916 197831 ins 106
139795 234219 del
215888 241332 ins 7
98966 114350 del
20189 122349 ins 274
64883 168089 del
123136 131650 ins 764
2729 126205 del
135010 170308 del
68194 96157 ins 198
216091 232872 del
190219 262930 del
163615 224118 del
62267 249358 ins 115
97793 118583 ins 260
79287 229257 ins 770
97382 215342 ins 59
164203 235553 ins 303
4540 191014 del
37485 150305 ins 680
235518 237160 ins 7
21774 174867 del
15968 210232 del
118560 197756 del
181832 187431 ins 603
170061 210605 del
3101 245868 del
122791 250470 del
38140 200365 del
134191 211437 del
25926 55037 del
189875 210127 ins 935
59374 64841 del
61712 262771 del
36657 171144 ins 909
75843 149650 del
133009 189544 ins 195
104292 220841 del
84364 119170 ins 457
49628 171621 ins 270
25441 85430 ins 748
105769 168441 ins 246
7410 203959 ins 191
157767 237237 del
125821 171218 del
114709 154902 del
35689 91534 del
1273 224096 ins 133
15193 203935 ins 593
151879 171456 del
29344 162151 ins 521
20905 170092 del
73149 212208 ins 748
99489 175377 ins 897
147491 243943 ins 707
29661 108183 del
18691 80753 ins 343
71568 123080 ins 533
26952 262798 del
123978 262827 del
34599 59834 ins 915
172020 203425 ins 356
67136 108772 ins 923
70696 203433 del
29721 74528 del
32781 188503 ins 480
62209 175892 del
132568 167882 ins 798
85770 123241 ins 2
150712 244156 del
45815 101522 ins 869
161511 171989 del
27102 77976 ins 590
242722 251878 ins 396
57352 222793 del
19696 240481 ins 208
52934 167650 ins 649
49803 125609 del
38137 201112 del
66643 163727 ins 581
5430 89982 ins 898
6245 38090 ins 860
41937 66067 ins 389
167247 199421 ins 644
159191 183409 del
13662 260663 del
224230 259834 del
54926 66252 ins 849
137442 225249 del
78594 79107 ins 460
6928 130656 ins 510
52820 73901 ins 594
170121 233506 ins 777
102171 107864 del
24775 54451 ins 671
54764 169333 ins 48
90293 134877 del
188410 257555 del
138437 258207 ins 80
3266 15576 ins 773
145157 201773 ins 251
45036 45104 del
57273 212170 del
161610 218077 ins 756
138743 264189 ins 754
77874 170401 del
56151 134000 ins 103
142768 180802 del
7830 190489 ins 968
19516 82800 del
89860 93169 del
16451 255719 del
212453 249814 ins 298
63687 187531 del
152548 263641 ins 24
28341 80537 ins 416
148401 183660 ins 810
9039 148814 del
106800 185323 ins 847
53568 101272 del
43118 74355 del
175473 252912 ins 778
45746 241967 ins 666
118349 222529 ins 91
132763 155105 ins 368
24042 39312 del
96731 255503 ins 31
178939 190445 ins 365
94793 247947 ins 292
89561 236286 del
57178 91918 del
5055 99061 ins 449
16064 117925 ins 173
84833 159022 ins 888
97509 221178 ins 113
97384 104338 ins 579
100511 198681 del
17490 220432 ins 780
151138 251710 del
21872 118008 del
1235 31337 del
34382 96498 ins 223
84864 144920 ins 61
22711 173575 ins 566
7490 103129 ins 105
74850 132389 ins 509
170813 179864 ins 727
14076 235306 del
82017 167965 ins 862
107358 251379 ins 357
68673 97738 ins 327
54501 230672 ins 938
217653 239069 del
191221 214450 del
16073 233174 ins 507
36540 218425 del
152194 211931 del
93580 163982 del
119744 238992 del
16062 220530 ins 865
179761 218137 del
245367 264271 del
190367 252830 ins 937
86046 137115 ins 36
15958 249213 ins 163
70317 142155 del
64862 218550 ins 411
77945 231746 del
176395 199836 del
42145 68787 ins 455
14505 254653 del
89089 223783 ins 833
133490 212161 ins 770
6207 212388 ins 724
84977 232275 ins 605
75783 204566 ins 727
7316 192248 del
84740 203462 ins 366
112409 196471 ins 206
140521 153896 ins 257
119545 250318 del
182255 207302 ins 464
230592 239110 del
155658 250507 del
68235 107823 del
28806 57690 ins 516
4570 83838 ins 363
95718 248430 del
28556 130991 del
13172 181758 ins 367
5343 53462 del
62484 207375 ins 16
35999 246584 del
58781 205880 ins 271
15387 168635 ins 12
24494 135176 ins 204
85179 93501 del
112936 226046 ins 642
51797 254574 del
116149 145931 ins 842
44272 234380 ins 993
83217 189247 del
99410 212984 ins 26
48900 197561 del
119251 183524 ins 315
16920 83562 del
5865 223811 ins 900
151271 220681 ins 25
30501 204989 ins 10
36629 68152 del
140089 199476 ins 665
26142 158012 del
36456 145579 ins 633
214822 263966 del
91582 193581 del
64655 127300 del
90632 136428 ins 166
197974 248566 ins 128
162817 215827 del
131158 137460 del
61771 148894 del
115490 118274 ins 999
65226 184486 ins 277
142836 177223 ins 541
135660 179966 ins 504
80144 175602 ins 686
130082 213864 ins 913
44653 200958 ins 908
32402 93626 ins 678
52471 151205 del
200283 237776 ins 248
13205 196279 ins 432
60805 69692 ins 324
81564 93836 del
138411 238117 del
178547 190349 del
28758 217527 del
25326 127876 del
226024 239027 ins 240
136267 262693 del
151033 248300 del
103141 185547 ins 842
211033 222863 del
157045 202207 del
771 52267 ins 832
149342 152350 ins 309
135654 186904 del
216853 244475 del
109886 206074 ins 527
22245 212055 ins 915
135726 146360 del
33124 57403 ins 850
177426 242836 del
184774 258400 ins 321
72049 231414 del
238967 253240 ins 2
29179 156921 ins 509
179841 214900 del
7180 73719 del
82012 246878 ins 340
97503 114580 del
113460 259172 ins 876
139473 213870 del
100648 235437 ins 576
15310 159152 ins 789
2546 67047 del
86781 117832 del
69015 101397 ins 734
180290 233051 del
71650 105089 ins 795
216651 248112 ins 898
142234 143412 ins 797
50977 110159 del
85900 167088 del
182976 237810 ins 619
19658 128600 ins 717
2703 214651 del
11810 56933 ins 701
127652 131214 ins 876
14507 186191 del
48406 163132 ins 324
6766 164146 del
673 7895 del
145158 176533 del
70471 261600 ins 798
116162 260526 del
21292 227909 ins 439
106178 139289 ins 808
19181 212103 del
205356 214437 del
96077 217609 ins 938
217301 246356 ins 917
58933 149810 del
145041 240728 del
122373 150450 ins 233
65947 192174 del
71642 229720 del
74660 107188 ins 302
40324 246423 ins 879
99036 175422 del
11434 32358 del
314 24908 ins 310
93375 170186 del
12196 99995 del
83939 227816 del
20043 206227 ins 864
53954 171960 del
90649 240998 ins 874
216347 220615 ins 234
84116 234054 del
16995 251665 del
10341 139315 del
448 82341 ins 413
111273 205550 ins 873
177540 200022 ins 210
7016 226099 ins 872
41498 82555 ins 737
217966 263707 ins 44
8900 230547 del
20752 46985 del
23432 120161 del
34001 80945 ins 198
14057 92615 del
103237 214776 del
105849 192288 ins 351
150593 215376 del
13953 133699 ins 633
229596 248885 ins 896
29901 225071 del
94546 100626 ins 840
32507 257114 ins 414
129561 197518 ins 811
48162 114645 del
197733 203740 ins 36
112008 253392 del
53747 199579 ins 225
61853 165968 del
152215 225105 del
78425 263045 del
118158 197607 ins 280
19316 93967 ins 615
256568 263899 del
21440 131388 del
79135 156326 del
42722 233374 del
205505 242659 ins 680
137345 197586 ins 833
9731 117474 ins 53
50894 142571 del
19932 258726 del
85076 237757 ins 548
18630 44371 ins 836
64474 98772 ins 223
67166 226274 ins 158
85611 95550 ins 554
111429 139232 del
124938 160287 ins 110
106492 222656 del
39511 81283 ins 223
30164 180991 ins 512
24198 240965 del
68023 97662 del
85099 86576 ins 661
86177 178181 ins 117
49517 239293 del
92549 158136 del
28845 42007 ins 435
140442 209205 del
122017 122485 ins 322
48110 58385 ins 938
180141 184949 del
13644 46279 ins 171
82074 150023 del
20720 109767 ins 113
207094 222755 ins 766
45263 95370 ins 879
105321 120757 ins 351
97556 253925 ins 639
82721 89647 del
238838 250200 ins 450
4326 32371 ins 954
47257 207926 ins 750
22756 87134 ins 594
159493 206540 del
113544 115430 del
158845 214774 del
18788 64648 del
54626 220831 ins 521
36682 154897 ins 65
174459 237247 ins 181
71763 257235 del
119180 152556 del
17681 53033 del
185003 256290 del
41221 96400 ins 517
108893 153054 ins 737
64600 260110 ins 4
53807 79994 del
30982 258484 ins 498
50289 114648 ins 445
125300 148667 del
30349 37784 del
60840 114221 ins 869
190299 218388 ins 537
46930 110242 ins 497
85805 90727 del
153273 170180 ins 719
7675 10656 del
184446 260152 ins 975
48389 140540 ins 228
35392 204863 ins 887
193216 206249 ins 701
81755 107867 del
18163 86403 del
16985 37331 del
30812 42866 ins 326
187033 224978 del
153361 180944 ins 801
37144 108723 del
116438 230113 ins 436
142152 152875 ins 143
246897 247904 del
51404 250859 ins 517
138913 228327 ins 521
120078 156238 del
141559 217324 del
113385 115397 del
3180 65123 ins 381
174528 209458 del
95196 174068 ins 980
181385 218978 ins 133
185681 252176 del
150001 208751 del
25059 247663 del
145258 202780 del
88894 113803 del
169844 252497 ins 695
106377 239293 del
43230 121590 del
99220 172257 del
166754 197885 ins 3
35576 200643 del
32061 173242 del
19949 86980 ins 328
58548 73204 del
102958 169670 del
11243 30098 ins 476
45441 261003 ins 92
48923 55811 del
1716 80066 ins 478
52591 180711 ins 384
50147 130706 del
185694 188612 ins 389
52229 212186 del
3279 102783 ins 347
223203 233584 del
57117 101518 del
174138 182722 ins 840
87104 230222 del
77753 155252 del
144971 179574 ins 996
169282 229164 del
153256 263282 ins 163
118403 177465 del
104336 118218 ins 621
64145 121212 del
93320 104485 del
217247 262450 ins 222
38978 220416 del
53542 153218 del
141329 210901 del
19521 148933 ins 621
5022 111082 del
113975 115662 ins 487
58620 160760 del
117655 139086 del
37677 222964 ins 166
9752 247768 del
118797 172721 del
31252 261110 del
165881 236046 del
27526 28980 ins 29
120752 149131 del
121029 224018 del
231422 248762 del
181067 196916 ins 58
198625 240119 del
16346 195611 ins 17
7310 42882 ins 73
23098 33768 del
44901 184812 del
63504 153411 ins 421
12042 43465 ins 42
96278 130817 ins 92
601 89309 ins 810
174945 179450 ins 836
146656 204116 del
236765 245437 del
143522 186983 ins 440
80676 100176 del
7948 239627 ins 990
394 216622 del
43478 241387 ins 120
161044 197602 ins 329
3513 209004 del
169112 198258 ins 362
106078 115563 del
111336 168205 ins 295
89274 150566 ins 469
59314 259858 ins 158
77016 168284 del
41465 124066 ins 143
193955 215862 del
136169 216109 ins 578
97523 142343 ins 196
85104 214810 ins 659
56580 211103 del
117154 153893 ins 120
185462 251100 del
66023 254163 del
117526 210785 ins 868
76492 202404 del
42843 56195 ins 201
145534 181075 ins 651
51309 67214 del
19393 200928 del
248653 258781 del
120634 225898 ins 461
6460 72032 del
190672 219761 del
193397 249955 del
187594 262674 ins 594
111952 164235 del
99165 126545 del
1514 164636 del
78048 109635 ins 497
45736 155436 ins 531
126320 182235 ins 428
22 222385 ins 435
44098 52620 del
1911 59803 del
18413 109300 del
135324 219567 ins 327
205278 211822 del
123350 238586 ins 516
167987 212415 del
105345 141408 del
140045 213756 del
14142 111988 ins 973
50166 167081 ins 539
27560 208343 del
100614 164612 ins 117
162306 203843 ins 994
23507 110758 ins 911
9847 169922 del
226269 252065 del
120277 263395 del
25696 90844 del
206683 220988 del
27422 190496 ins 572
54481 257603 ins 963
120463 124094 ins 545
108833 170757 del
56871 108124 ins 177
15817 132871 del
90275 114343 del
122088 214644 del
124509 202744 del
63465 96248 ins 146
89472 98575 del
166156 207569 ins 551
150682 250045 del
77770 157697 del
33367 200909 ins 842
70794 132272 ins 931
76428 155526 ins 930
26147 166525 ins 720
15159 53675 ins 635
28095 185042 del
28372 233235 del
73111 221357 ins 598
177727 219292 ins 900
88575 168193 del
125434 145195 del
111748 240327 ins 994
198176 200970 del
128527 159041 ins 940
107629 154657 del
100967 139430 del
94712 236880 ins 260
80 125116 ins 597
107315 133501 del
140847 201177 ins 286
47690 81249 del
112903 150189 ins 173
35725 186799 ins 658
154763 178812 del
157649 237028 ins 522
48381 176397 ins 75
162503 162932 ins 448
217780 222962 del
55353 214503 ins 473
88556 207061 del
78486 206574 ins 961
4822 247795 del
237736 249718 del
142716 190667 del
48051 260419 ins 847
59539 156402 ins 925
163389 176318 del
135471 198693 del
60835 133845 ins 854
60631 117008 del
6204 97373 ins 165
99432 166964 del
182950 217953 ins 877
166993 253933 ins 66
125646 261820 del
113319 194308 ins 66
89447 241865 del
135525 222735 ins 660
48105 245147 del
151620 258110 del
61532 139147 del
52040 85286 ins 983
28359 64050 del
224140 248284 ins 990
54977 84363 del
35021 240715 del
126494 206870 del
56809 191059 del
152605 216873 del
83385 166077 del
136552 210322 del
77848 170261 ins 53
95200 184034 ins 891
132590 211876 del
65771 164980 ins 846
110526 243154 del
32971 32986 ins 546
17127 101783 del
76333 145132 ins 135
9039 164568 ins 104
137304 164240 del
47387 239858 ins 924
63824 98382 ins 38
31230 212932 ins 403
53155 54882 ins 313
20904 184382 del
146801 177575 del
146964 182576 ins 648
57558 148493 ins 709
140544 199165 del
85767 98708 ins 177
233066 244091 del
84511 133550 ins 584
95734 158743 del
2455 256621 del
88665 252988 ins 311
58094 103834 del
123784 235197 del
4622 69183 del
76385 261962 del
69740 168329 ins 261
77571 117247 ins 195
149441 194379 del
57517 213640 ins 369
27608 159738 ins 64
56127 100855 del
104795 140583 del
19125 112980 ins 50
95591 163047 del
18329 135168 del
138202 207286 ins 423
38955 114998 del
43600 51785 del
2458 252409 del
65440 152844 ins 489
168705 175922 ins 641
206 114756 ins 955
64771 110410 del
12731 66471 ins 900
222251 236833 del
13350 172877 ins 327
59249 213133 del
35176 198818 ins 57
254982 262881 del
16109 26971 del
64499 185039 del
203168 210658 del
59677 74987 ins 82
99795 215655 ins 478
89393 143333 ins 836
191993 252505 del
241385 251039 del
169389 242795 ins 317
128531 166570 ins 918
54975 249725 del
57234 238678 del
188618 260152 del
82015 240123 ins 948
69861 249188 del
56656 76797 ins 351
52986 81355 del
172537 196977 del
96556 106183 ins 656
112762 174538 ins 22
78909 231547 del
67673 209088 ins 753
45871 223527 ins 320
153801 245466 ins 981
20441 179022 ins 290
15397 102354 del
134094 171209 ins 602
104624 140232 ins 338
23204 91710 ins 266
176067 253034 del
71398 118043 ins 567
119324 219544 del
25715 182848 del
17976 234019 ins 276
181961 217528 del
145556 262125 del
35439 112536 del
109536 119872 ins 109
15289 232261 del
13386 208019 ins 324
13660 160568 ins 760
38378 99388 ins 105
43540 159241 ins 228
38746 237329 del
71861 77974 del
4328 201224 del
43196 49038 del
67825 70010 ins 898
183338 239217 del
146303 201785 del
163056 209954 del
207709 222545 del
16352 178372 ins 518
178708 231196 ins 305
201671 222560 ins 30
137678 206983 del
31625 156530 ins 497
195315 200277 ins 359
97119 217589 del
186911 205382 ins 923
34064 213914 ins 480
123521 259577 del
173309 229882 ins 958
47293 188448 del
24058 128563 ins 711
104549 252256 del
73713 258893 del
113300 195226 ins 474
27513 59344 ins 781
219033 228973 del
10588 22493 ins 821
98640 143519 ins 353
43099 97656 del
120994 264016 ins 78
38892 243308 ins 731
87455 209824 del
97993 244167 del
173206 230560 ins 226
68952 240707 ins 55
122351 181519 ins 154
106323 190256 del
78657 226000 del
41407 203647 ins 121
121162 167514 ins 311
81798 223787 del
53591 86711 ins 389
189341 233127 ins 147
206204 229467 del
5556 74013 ins 998
190313 198301 del
113453 130836 ins 750
160261 201453 del
77182 140533 ins 110
44446 179712 ins 708
116184 197884 ins 576
109698 154514 del
93118 170288 del
6109 159344 del
16116 26297 del
56531 99959 ins 266
7683 136012 ins 633
37467 55852 del
46186 227647 ins 503
50179 175667 ins 310
39276 250135 ins 948
183655 192636 ins 205
92657 241379 ins 291
7013 23759 ins 517
186972 221688 del
45983 222467 ins 604
18005 217621 del
89956 140541 ins 560
92123 137985 ins 663
105085 215213 ins 268
67877 103508 del
182240 232220 del
81579 110580 del
199868 244463 ins 233
46153 249709 del
55794 196627 del
110585 167252 del
131623 206021 ins 264
15162 225654 del
131199 198288 ins 592
92946 225040 ins 322
187890 228670 ins 993
121029 137949 del
45128 239223 del
69071 148886 del
5313 214339 ins 219
39942 127511 del
24306 187229 ins 490
62235 120165 ins 475
27535 135710 del
103554 106526 del
85852 224609 del
43131 224005 ins 647
57344 70341 del
194007 222322 del
39904 247831 del
75178 201694 ins 332
139139 196231 ins 77
143863 224383 ins 302
83089 164742 del
126991 175102 ins 170
86122 251650 del
48768 175511 ins 954
129814 174431 ins 955
191896 244984 ins 561
175103 218556 del
105555 189314 ins 209
188271 218658 del
234298 263612 del
164644 174152 del
171190 239873 del
102256 161573 del
48361 236476 ins 104
58791 124263 ins 295
52745 65345 del
29501 254315 del
88474 192007 del
10014 57832 del
191244 222113 del
14877 170739 ins 314
197320 232305 ins 633
76135 187833 ins 69
75889 135966 ins 692
159574 257320 ins 559
95074 254585 del
13486 68627 del
183031 216520 del
69485 237327 ins 889
208597 233632 ins 315
102990 177442 ins 979
154757 155147 ins 193
11153 233126 del
7254 70660 del
67889 197562 del
111667 158203 del
121264 187388 ins 523
36544 39560 del
4314 235029 del
195910 255178 ins 72
147271 248066 del
152910 203000 del
151248 195527 del
66841 250084 del
62983 139987 ins 209
39645 165818 del
195662 201203 ins 20
135517 215028 ins 390
33939 172568 ins 808
28755 183782 del
96866 192141 ins 961
131814 206895 ins 177
80042 193719 ins 518
28005 147039 del
56534 117758 del
148037 228315 del
151628 200546 ins 346
12908 200890 ins 531
103886 263103 del
223593 238545 del
140680 245904 ins 332
112139 219352 ins 369
109514 129692 del
44036 96128 del
156302 200418 ins 219
142960 182448 del
76655 136799 ins 704
39087 70602 del
55719 244016 ins 696
29300 154311 ins 351
155324 230628 ins 415
45285 135873 ins 74
13485 74290 ins 1
183258 188129 ins 735
11887 156381 del
113115 222793 del
45080 117366 del
5586 215038 del
4137 135163 del
46474 134399 del
2603 187495 del
115616 213721 del
121359 220999 ins 43
187279 236237 del
67515 228796 ins 841
178647 217048 del
210992 254595 del
218131 241066 ins 600
198895 212849 ins 310
47116 113111 ins 694
197700 234914 del
72358 217677 ins 418
1837 151552 ins 106
195084 229220 del
55896 174585 del
1809 45571 del
196213 218621 ins 11
67374 175005 ins 257
107976 187764 del
23002 211214 del
15019 130830 ins 236
39896 208458 ins 17
102272 119114 ins 640
138689 210264 del
216124 250288 del
20828 52665 ins 64
15762 203453 del
25860 156853 del
173312 201846 del
81698 260432 ins 686
21293 76845 ins 930
91014 112388 del
119604 209619 del
81278 171930 del
26637 129871 del
80926 178880 del
38949 178222 del
165526 225802 ins 444
170280 182170 ins 786
18747 102617 del
47771 198035 ins 353
83319 117997 del
62110 150155 del
110398 113141 ins 882
89696 212226 del
35536 196812 ins 349
125726 159566 ins 833
98046 118082 del
56550 203136 ins 911
1227 168153 ins 611
41860 236821 del
77469 118565 ins 33
191853 214283 ins 827
113511 166659 ins 817
58213 136346 ins 888
144348 228738 ins 593
67103 244212 ins 39
22333 152568 ins 1
88299 105059 ins 7
31640 42909 del
1948 143651 ins 874
132562 197098 ins 490
24305 242970 del
148945 185566 ins 680
25812 35304 del
79635 193119 ins 267
57953 92817 del
82144 213731 ins 119
6355 252451 ins 335
97013 213181 del
16383 122647 del
131807 189186 ins 662
132319 255094 ins 553
244925 250104 del
30378 44430 del
102397 144959 del
19692 120831 del
102041 223491 ins 149
67206 177361 ins 314
35104 236650 del
3103 213805 ins 375
169962 209005 ins 834
23591 128099 ins 280
20057 84369 ins 972
118280 152331 del
33632 98589 del
164520 250929 del
107173 228205 del
148169 213442 ins 789
134492 234744 ins 133
58533 193199 del
193492 246429 ins 410
186382 214252 ins 862
169436 181446 del
148917 202754 ins 565
140738 217517 ins 495
212442 240908 del
89109 176337 ins 595
39513 60754 ins 865
35619 44699 ins 484
23594 102362 del
72713 142870 del
195268 203709 ins 308
144541 250675 del
18529 80203 del
153532 173558 ins 325
44065 125842 del
58790 237945 del
111682 217946 ins 13
39226 107790 del
186407 236799 ins 101
101214 179486 ins 609
68629 92715 ins 670
9072 220680 ins 728
19974 195814 ins 517
143978 202317 del
30587 253989 del
45767 158615 ins 785
187994 192365 del
80317 126510 del
65849 137432 ins 161
20567 98307 del
37948 168719 ins 855
82080 138768 del
131611 263645 ins 150
143733 209470 ins 570
11698 110749 del
146882 178353 ins 397
195626 197620 del
78656 255454 del
244155 252692 ins 747
12936 83463 del
189644 232811 ins 278
63900 180306 ins 362
49904 84193 ins 604
130710 257655 ins 226
41637 56459 ins 829
115417 256051 ins 486
86958 210802 del
68360 126403 del
216167 219345 ins 21
34173 90043 ins 848
146429 259683 ins 484
59808 153775 ins 337
127709 224069 del
221267 230130 ins 847
227384 239616 ins 171
122978 244841 del
9681 218518 del
130661 161936 del
56035 241906 del
226890 233608 ins 108
86480 128806 ins 553
139988 192532 ins 407
23958 66740 ins 190
91957 197925 del
197640 261354 ins 663
52773 251081 del
36583 204445 del
33999 225500 del
99066 117820 del
68755 250470 ins 50
144143 218153 del
13144 137070 del
149343 212485 del
67228 183404 ins 544
8788 255639 del
76278 142262 del
80410 111028 ins 998
40084 65413 ins 893
19054 137606 del
110324 243039 ins 324
197478 248401 ins 888
143494 190732 ins 106
54165 78685 ins 405
146101 263138 ins 953
21305 57058 ins 962
138545 197729 del
88321 164421 del
72459 101831 ins 493
23124 70917 ins 827
102962 163229 ins 891
18548 72012 del
8068 72723 del
50243 58478 ins 109
186037 222512 ins 741
243258 247873 ins 505
48850 207146 ins 47
194868 201872 del
26503 81699 del
3213 187510 del
32085 71462 ins 701
235055 256204 del
4592 12426 ins 248
226729 249612 del
71705 96861 del
26803 165191 del
107862 177724 ins 191
116006 126720 del
69007 127508 ins 928
30455 107399 del
14875 97333 ins 175
125375 188076 del
3870 60118 ins 808
165019 197619 ins 989
177374 202085 del
13058 163219 ins 781
66075 89346 ins 486
196109 212710 ins 738
15225 187596 ins 32
155357 229949 del
120228 254611 ins 87
103130 162774 ins 724
29743 157116 del
60444 92817 del
56126 59411 ins 459
43803 224342 ins 450
7313 233375 ins 39
23474 73090 del
126374 253981 del
217868 239126 del
77842 211893 ins 69
152837 166483 del
3205 56051 ins 86
48966 136830 del
106315 166092 del
110796 237109 ins 43
115591 186983 del
121689 194183 del
2761 54264 ins 612
53187 106989 ins 923
102945 189125 ins 579
75996 115729 del
108479 128089 ins 989
54459 170278 ins 999
29697 35487 ins 676
191870 251418 ins 12
30983 191828 del
101038 221981 ins 75
28451 116517 del
27526 262307 del
39079 183379 del
63155 161225 ins 434
167174 173313 ins 768
218990 226626 ins 447
90619 120987 del
128336 145687 ins 585
36834 186422 ins 90
45180 141117 ins 675
151675 242875 del
100598 224591 del
28801 74784 ins 13
110546 239534 del
207003 216121 ins 43
243941 257125 del
51396 111163 ins 232
63334 118632 del
53139 133191 ins 168
14755 252699 del
34768 247663 del
8668 205276 ins 536
59755 87135 del
68688 247796 ins 814
61700 228725 del
53301 57070 ins 590
29701 230251 del
17276 263442 ins 241
130474 248070 del
146270 170261 ins 271
53222 80609 del
98672 151238 ins 775
137609 161323 del
115950 177609 del
41341 143239 ins 344
20158 44957 ins 703
34643 143943 ins 225
71029 126072 ins 794
5123 57878 ins 767
71116 89054 ins 321
170191 231475 del
95175 235221 ins 135
118572 120615 del
97158 165678 ins 517
140768 143352 del
19533 241016 del
98604 165958 del
30548 213588 del
52792 242261 del
191933 225117 del
78959 192439 del
58749 151460 del
127539 247859 ins 516
120250 150970 ins 274
46654 207655 del
222144 237014 ins 302
18783 48380 del
12851 246686 del
180815 217867 ins 929
71183 157053 del
85734 99137 ins 451
9934 36895 ins 473
2234 180187 del
72571 151185 del
11583 121958 del
88686 120833 ins 289
51809 199406 del
33280 136196 del
71864 134827 ins 710
45653 160952 del
161870 252002 ins 610
72681 138116 del
42375 144359 del
5292 187076 del
60472 114616 del
56396 206043 ins 988
103770 218724 del
14477 135893 ins 573
52779 227798 del
17226 54097 ins 103
57957 263180 del
18463 92931 del
108836 220584 del
23320 42208 del
182976 213748 del
58846 197712 del
109607 133873 ins 611
68087 170329 ins 108
100027 260925 del
182495 190299 ins 305
249580 264082 ins 679
100455 159242 del
14294 140689 del
10624 121931 del
99316 121544 ins 233
135335 158315 ins 683
105438 179282 del
190611 205298 del
188579 208493 del
152839 157336 del
92870 187065 del
103356 107722 ins 811
80669 107903 ins 973
38131 252377 ins 69
156342 189536 del
122933 145255 del
10054 210702 ins 634
72153 264175 del
123307 253021 del
63988 167505 del
14436 166877 ins 505
93356 148173 ins 418
132869 262408 ins 438
42137 221520 del
44545 44820 del
104315 115692 ins 847
42338 86926 del
163888 179181 del
113389 262004 ins 574
21237 190826 del
33547 58185 del
49536 101367 ins 658
55606 237208 ins 149
175619 258012 ins 35
69520 214604 ins 254
70146 194005 ins 341
24704 168615 ins 607
250641 254576 ins 901
114592 137109 ins 908
119731 258456 ins 594
133231 252471 del
15461 96340 del
84594 106877 del
87190 195203 ins 682
151117 233210 ins 902
84882 101672 ins 584
215258 257597 del
89387 209166 ins 218
58815 108110 del
2325 209119 del
91925 93170 del
65523 256637 del
32245 240236 ins 668
58532 69902 ins 197
9331 37191 del
51833 92237 ins 55
101009 194377 del
42252 76279 del
49265 197066 ins 665
155104 216836 ins 108
129352 168442 ins 58
76685 184182 del
53542 238553 ins 460
6156 25037 ins 106
96189 197437 ins 658
88121 243067 del
58439 206931 ins 288
128893 234883 del
107985 237832 del
66607 71221 del
18301 31120 del
132229 203459 ins 876
103355 250285 ins 877
23809 218192 ins 674
27182 97988 ins 645
196685 261815 del
55327 120218 ins 365
58782 160683 del
59868 67218 ins 39
232353 247660 del
106980 185354 ins 998
140188 160535 ins 88
192321 231595 ins 225
96676 264308 del
197549 233517 del
97757 145289 ins 380
119492 172163 ins 170
173231 190308 ins 182
153042 235964 ins 266
212350 225688 del
40073 92977 ins 202
158053 261335 ins 846
61113 65933 ins 716
77985 224126 ins 180
143618 235825 del
105946 196365 ins 614
80384 195267 del
73609 81961 ins 16
8011 48892 del
31910 239113 ins 974
39933 78074 del
122252 167832 del
147088 148099 del
68121 260790 del
116254 262689 ins 488
63476 195872 del
9958 143102 ins 601
180339 248225 del
17275 169762 ins 997
150829 190843 del
174243 245553 ins 175
116279 130069 ins 590
39040 99303 ins 580
51959 105810 ins 446
110774 242925 del
3933 167704 ins 724
31822 40759 del
98306 212988 ins 731
15249 247919 del
254204 256793 ins 496
35684 206663 del
128009 211632 ins 590
92806 197009 del
165366 183293 del
109724 235574 ins 290
120546 210526 del
130421 162849 ins 928
81053 188254 del
96121 98429 del
74464 111623 ins 820
34001 192933 del
96279 183018 del
110736 186306 del
161217 177393 ins 623
105493 131430 del
2591 41097 ins 847
183923 258233 ins 374
97943 151129 ins 862
52395 82499 del
27315 195534 ins 85
9043 240185 del
46897 195665 del
122887 138335 del
124555 262949 del
33573 71742 ins 756
75096 95602 del
69823 235333 ins 765
131562 243900 del
147235 169166 del
15300 238107 ins 744
132914 253947 del
26195 190123 del
47385 169357 del
88526 122244 del
230387 241035 del
144426 239162 del
19493 159068 del
99589 230336 del
168071 180046 del
163827 236846 del
49579 235109 ins 106
108854 258695 ins 777
46450 87435 ins 255
67356 117237 ins 564
12032 241332 ins 736
84089 203552 del
20217 213929 del
87877 96617 ins 291
29795 107734 ins 93
63915 123191 del
16734 30274 del
42838 196706 ins 239
19735 135492 ins 518
23380 198466 ins 948
21759 182406 del
63643 169818 del
209257 225650 ins 343
22695 244398 del
18890 202523 ins 79
213213 252935 ins 199
27155 196321 ins 855
146351 259263 del
136335 219559 ins 548
124552 263734 ins 658
170282 232100 ins 930
10434 208381 del
107901 174997 ins 867
33557 251840 ins 30
102811 223937 del
99750 249303 ins 75
80413 161204 ins 372
121266 262777 ins 172
185387 226486 ins 857
33521 102184 ins 43
36198 57615 ins 670
69443 137260 del
102322 186428 ins 493
27955 246567 ins 570
27076 162543 del
40794 93374 del
201290 251069 del
135420 190897 ins 743
9006 226744 ins 796
136945 193351 ins 35
79713 206673 ins 171
26416 66955 del
171291 263866 ins 98
27368 114601 del
94992 180657 del
30303 186981 del
2922 30954 ins 310
172112 241646 del
43145 195652 del
83828 144660 ins 725
38235 157553 ins 23
77925 153127 del
129148 168582 ins 40
17088 17414 ins 980
40008 253512 ins 532
110699 201389 del
32040 142912 ins 507
165531 198976 ins 791
14662 214198 del
93724 218971 ins 162
85680 237892 del
123326 243308 del
10459 159671 del
45267 108658 del
3781 154860 ins 126
30311 97058 ins 82
217970 220840 del
79951 230331 del
181865 228135 del
4789 129002 ins 21
222716 227518 del
142633 217074 del
92726 135994 ins 933
66439 90979 del
76612 186046 ins 191
23119 48702 ins 489
3554 68902 ins 196
56619 115883 del
69892 75293 ins 899
106451 184555 del
132553 245540 ins 546
66497 122568 del
41148 87816 ins 60
185662 264025 ins 1000
180208 188544 ins 614
92808 193262 del
165216 201099 ins 319
91011 100437 del
46560 147312 del
9515 140169 del
58962 198055 del
22903 109444 ins 476
186865 252553 del
135366 152913 del
34179 261890 ins 345
37569 121388 del
96598 185382 ins 251
30508 142533 ins 354
176163 193122 ins 593
75000 164488 ins 605
189696 224153 ins 344
173501 203924 ins 782
211907 244092 ins 346
190912 250288 ins 139
42971 87490 ins 647
92327 198964 ins 436
1913 75456 del
156447 171018 del
6120 213611 del
16486 210332 del
122252 204240 ins 793
119829 237740 del
153466 181026 ins 795
32805 234143 ins 555
193677 213101 ins 973
238233 252787 ins 575
13962 151905 del
66218 188291 ins 75
93671 210241 del
77791 263005 ins 355
56950 61021 del
166773 243268 ins 156
118196 223780 del
126551 147211 del
81465 220512 ins 199
46506 142196 del
122829 167435 del
88192 95086 del
38195 229924 ins 300
189542 248347 ins 794
176576 202935 ins 112
40072 69588 del
139952 254049 del
146018 146514 ins 313
167 175379 ins 2
17988 36922 del
114424 259368 ins 675
53367 63955 ins 741
63365 183424 ins 375
32321 131128 ins 563
74335 154297 del
182100 183093 del
33722 49572 ins 835
178255 182054 del
39647 212373 ins 776
105016 192354 del
84821 253743 del
22431 57435 ins 87
41765 65201 ins 645
10387 232914 del
205719 263973 del
42363 103306 del
92201 175791 del
118325 143728 del
30492 198667 del
53618 237071 ins 852
90459 108170 del
117363 257055 del
64881 246306 del
10262 119049 del
156941 224639 ins 176
55432 128155 ins 395
56808 128215 ins 915
122486 148893 ins 731
105890 205378 del
51637 205483 ins 262
78173 228228 ins 94
82956 136893 del
20078 251616 del
226609 246351 del
223196 234983 ins 483
38535 199534 ins 541
103432 196911 del
160789 263651 del
50566 96024 del
75658 81385 ins 374
98826 182572 del
38118 236217 ins 670
16711 138605 del
192701 248601 ins 543
10685 228315 del
11323 82537 del
22039 178819 ins 436
11817 151294 ins 265
100267 110613 del
111988 231855 del
196811 219313 ins 1000
29582 30212 del
23546 33077 del
625 184559 ins 525
114080 153559 del
140623 243091 ins 464
154467 167779 del
188218 225142 del
183682 223426 del
1977 209602 del
111115 146255 del
135092 241572 ins 750
144883 192249 ins 288
71977 94125 del
2705 96699 del
80566 188268 del
5519 89444 del
4551 134712 del
3235 46747 ins 938
31676 192551 del
158146 169166 del
35976 93145 del
215250 252985 ins 435
130211 203389 del
4053 95826 del
143126 151976 ins 193
99627 145087 del
158747 208245 del
77146 253986 ins 411
23185 238058 ins 636
69529 219201 ins 303
119141 221651 del
206140 234131 del
104890 226075 ins 702
171834 173975 del
119161 224041 ins 339
140294 226840 ins 321
139406 224058 ins 125
9174 213433 ins 112
132507 176883 ins 645
30238 251849 ins 590
239407 239816 del
48923 244850 del
26416 95729 del
155516 165787 del
80419 241126 ins 979
15553 237916 del
8410 243608 ins 532
126212 196104 del
99997 226284 ins 119
194237 219252 del
166203 237958 ins 353
76137 99675 del
16585 158749 del
176493 190173 del
81798 205377 ins 870
41384 208201 ins 816
184410 194415 del
20370 71370 ins 213
23644 245854 del
3674 38943 del
144641 234499 del
45252 183133 ins 404
42553 91441 ins 361
51017 214719 del
102204 258113 ins 221
218772 246877 ins 576
225179 241436 del
78478 112222 del
21510 155875 del
70785 224724 ins 279
133508 260229 ins 580
136839 193151 del
60295 89732 del
43943 258498 ins 659
6349 67542 ins 488
153859 158358 ins 371
12152 244237 del
100229 230248 ins 422
130714 133383 ins 738
41959 179743 del
138366 206232 del
106778 150971 del
10364 131295 del
189244 223048 ins 277
142834 183718 del
88958 92367 del
4097 219888 del
78231 239599 del
40711 137293 ins 976
21158 239542 del
226026 232005 del
18146 61829 del
155236 218685 ins 738
7741 69269 ins 727
70242 150490 ins 553
75874 168489 ins 519
58150 173048 del
154276 234171 ins 533
200282 257123 ins 917
96561 183469 ins 116
48324 164473 del
27191 86628 del
153500 197931 ins 832
66249 239842 ins 9
70285 79803 del
52605 94156 ins 684
207597 233040 del
51708 58037 del
147920 171266 del
40991 168200 del
175670 216184 ins 919
222424 253457 del
75630 92194 del
221877 244992 ins 1
20927 214341 del
90785 137771 ins 849
44578 120865 ins 57
95645 197631 del
232882 236784 del
99452 224520 ins 196
31821 203968 del
107464 150540 ins 594
182422 195032 del
60109 134024 del
32090 82402 ins 938
37343 66049 ins 268
207375 239870 del
56859 219374 del
204555 222048 ins 309
230195 238968 del
87680 259011 del
70737 85821 ins 404
73814 177475 ins 709
227081 229155 ins 297
26473 140815 ins 150
169195 225193 del
138672 259324 ins 532
188628 194484 del
61150 139890 del
1912 148284 ins 265
114907 210713 ins 173
104612 176872 del
190254 240457 ins 149
76486 122016 del
86287 173228 del
75464 115091 ins 806
203302 234127 ins 976
102839 155074 ins 92
88826 221161 ins 352
105763 156759 ins 555
240433 242079 del
144651 161804 del
110896 180556 ins 673
148898 244661 ins 325
73017 115670 ins 364
28907 82703 del
49362 166883 ins 728
83264 233541 ins 220
48306 89130 ins 733
21855 263124 del
93963 192976 ins 217
154939 208594 ins 871
211200 262291 del
23973 29576 ins 304
80448 86851 del
100859 253135 del
206339 232769 del
35608 91714 ins 306
175845 182631 del
162769 223914 ins 386
7162 197206 del
29161 46136 ins 579
84929 108686 ins 268
72001 89072 ins 407
136697 149035 ins 214
111927 157893 ins 209
47724 113842 del
54785 152117 del
93154 165930 ins 11
219927 239333 ins 776
101359 152225 del
58778 242728 del
118076 224502 del
57949 222602 ins 236
106851 111987 ins 55
128609 158105 del
96955 246855 ins 382
176046 230693 del
173867 184095 ins 587
59204 227064 ins 52
26951 184530 ins 378
80855 218055 ins 896
21433 235209 del
137640 200457 ins 250
20566 47967 ins 929
47157 126554 del
140829 177349 del
140604 146997 ins 964
131165 248528 ins 755
89731 186581 del
46638 221697 del
96863 248985 del
17811 235433 ins 781
113735 117324 del
38983 176661 ins 440
37945 177321 ins 904
107032 243144 ins 641
22216 102870 del
35492 45610 ins 580
1159 116036 del
29957 192920 ins 749
51021 62924 del
159224 212990 del
73795 216006 ins 657
124419 187542 ins 397
213096 214513 del
106964 181295 ins 357
133364 149401 ins 475
193211 205450 del
