163714 243612 del
132317 216963 del
44114 234964 del
214257 221073 del
81309 206868 del
8317 68069 del
66198 252577 ins 960
51382 247603 del
239074 260856 del
16800 153720 del
133353 234000 del
66084 185326 ins 162
89919 124711 ins 816
130765 154808 del
186342 228947 del
9208 12652 del
86076 87599 del
139238 187989 ins 167
12687 162632 ins 14
92202 248804 ins 240
20341 79304 ins 272
67896 220749 ins 527
84801 227497 ins 465
128768 194842 del
2559 122516 ins 404
75710 126006 ins 384
52839 181503 ins 231
49374 226977 ins 242
106632 199218 ins 373
83463 105335 del
41906 175655 ins 352
31393 257254 del
81805 180711 ins 556
239793 244440 ins 215
151647 186678 ins 362
92126 169773 ins 850
45121 161032 ins 90
41073 95388 ins 999
189774 255077 del
132242 148913 ins 151
18050 239134 ins 343
52036 146831 ins 833
185401 191822 ins 460
138509 239655 del
115969 151406 ins 136
9926 132262 del
53255 204135 del
78467 79578 ins 976
65962 195682 del
3390 158466 del
4606 138304 del
16870 184806 del
42671 248265 ins 698
14517 157199 del
155656 208312 del
184287 253691 ins 997
146403 156280 ins 146
186859 228210 del
64355 242122 del
76765 116161 ins 765
29195 200908 del
56294 149944 del
153596 183455 ins 813
6718 51518 del
49994 157178 del
25105 186447 ins 121
20512 63070 del
147072 197797 ins 916
8720 203842 ins 646
147276 259890 ins 815
80054 119451 ins 462
12747 198815 del
21300 129226 ins 181
73457 164103 del
82412 165327 ins 520
34554 257787 del
10907 208642 ins 824
66748 148852 ins 105
125791 257126 del
208012 233233 del
59538 157890 del
27148 121383 del
17145 25042 ins 900
159910 221557 del
50781 148757 del
82310 228739 ins 791
17935 106051 del
151039 198316 del
10249 89841 del
17151 119279 ins 555
68203 173013 del
10078 192195 del
69642 247381 ins 935
135130 187013 ins 261
6494 95113 ins 982
63456 84052 ins 236
5305 150521 del
117274 133487 del
79324 96769 del
15594 152736 ins 912
55516 140674 ins 942
181765 217401 ins 535
154014 214462 del
78532 190504 ins 194
67316 216276 del
62965 134737 del
96293 158162 ins 392
28053 149260 del
44501 153019 del
99243 170937 del
52347 151078 del
78203 234814 ins 892
130316 236813 del
180766 258974 ins 245
130862 232783 del
40743 223105 ins 409
1247 163997 ins 600
118692 120245 del
46433 204842 ins 735
42235 58528 del
136161 169803 ins 922
9072 230859 ins 840
178739 236669 ins 300
3463 177801 del
148760 202573 del
58049 187551 ins 84
150077 206740 ins 534
100835 154483 ins 182
43864 90670 ins 768
7963 67622 ins 130
133992 147265 del
30356 165181 del
6980 161847 ins 144
26012 124378 del
75188 134163 del
56144 219148 ins 630
74632 138000 del
54400 100464 del
7574 12138 ins 302
162261 209205 ins 992
68354 72049 ins 222
33230 62041 del
57535 158435 ins 837
228232 257707 del
20483 21861 del
159885 169323 del
86863 211731 ins 256
12594 156532 del
79070 150297 del
130327 193728 del
130050 135547 ins 224
96598 262479 ins 353
133071 198057 del
248387 253543 del
106494 178589 del
79221 136423 del
135271 216532 ins 512
116976 150133 del
218068 252565 del
20020 158976 ins 478
110489 144464 ins 876
89995 188595 ins 599
122963 257470 ins 520
232340 252569 del
144712 259414 ins 763
145035 233965 del
73408 106474 del
137771 236256 del
12478 228281 del
17696 127397 ins 846
35575 176355 del
217661 242410 ins 997
44124 88324 del
123859 229682 del
6918 216363 del
89908 235743 ins 157
77018 236563 del
159783 165955 ins 898
24171 33332 ins 317
93321 146709 del
48503 236285 del
98148 147895 del
176962 211719 ins 113
181161 254395 ins 870
46468 59049 ins 264
97564 239378 ins 524
153037 206430 del
102637 239416 ins 566
61098 165636 ins 554
88135 154979 del
108966 261799 del
31440 196809 ins 252
186312 215456 del
20083 68352 ins 692
120144 184616 del
130037 139975 ins 761
140899 193218 del
53704 151874 del
115958 180892 ins 761
55435 152377 del
35025 84786 del
98712 220170 del
209042 255324 del
130340 210558 del
196945 253078 ins 339
56645 165201 del
191942 263933 del
142079 201458 del
11619 78783 del
135850 208264 ins 568
80343 241019 ins 235
21738 90882 del
32925 37019 ins 433
44043 181594 ins 699
34684 84966 ins 914
710 97257 ins 930
31194 240552 ins 404
44768 142674 ins 458
122443 255665 del
73822 164134 ins 620
10056 35572 ins 703
113679 248381 ins 352
106334 184051 del
80930 134727 ins 110
3726 196944 del
40556 214407 ins 645
30187 190732 del
76793 223989 ins 222
56820 179073 ins 277
136020 187727 ins 736
19729 154066 ins 534
29058 69174 ins 141
14183 180878 del
57087 190594 ins 833
61697 186572 del
195983 243943 del
189961 252995 ins 646
69381 151839 ins 850
102859 246248 ins 602
157906 162341 del
156352 225236 del
71862 149280 del
19584 234713 ins 99
212694 246572 del
52512 239481 del
141121 198963 del
45101 177503 ins 21
24575 150397 ins 624
3541 228890 del
132980 210527 ins 178
75106 194552 del
143263 172460 del
14604 210397 del
36618 170111 del
85112 147843 ins 284
17178 46319 del
62502 66890 ins 187
50165 218006 ins 53
136015 255377 ins 480
182468 193289 ins 462
35116 104997 del
32454 151624 del
75282 237376 del
107103 116274 del
94291 146762 ins 707
166950 229626 del
54424 215839 ins 742
7568 21668 ins 653
46277 220385 ins 643
73044 196898 del
24997 107248 ins 892
188188 233585 ins 314
192269 239986 ins 426
82716 221025 ins 188
138944 197599 ins 127
9326 61000 del
41898 230269 ins 218
136554 240826 del
105125 161539 ins 631
228395 234485 ins 938
14146 180466 ins 311
108105 128005 del
60194 225877 ins 420
34349 204196 del
44942 137061 del
69743 244812 ins 817
125391 238241 del
55094 184313 ins 601
164663 259026 ins 867
17714 45803 ins 719
74938 137720 ins 553
182625 188196 del
81965 215394 del
61153 206083 del
31600 196591 ins 619
13883 168896 ins 628
19447 75579 del
45331 205226 del
141798 170677 ins 544
144153 145846 del
90172 262993 ins 410
78599 94286 del
99864 131012 del
71432 183559 del
56031 224051 ins 979
143362 245323 del
72781 187678 del
70312 230813 del
79808 167191 ins 95
95446 152915 del
126367 139107 ins 259
155165 210023 del
66691 179549 ins 914
153572 240756 ins 67
51861 225081 del
25891 199687 ins 372
188553 258694 del
14967 33929 del
105980 150851 ins 737
35265 170747 del
39056 122859 ins 749
58671 146400 del
29472 90032 del
1344 76588 ins 698
49298 228493 del
128388 142543 ins 64
6468 114269 ins 13
58482 177560 ins 129
115608 123376 ins 471
71175 214463 ins 754
4997 95262 ins 315
64122 119751 ins 723
144173 163763 del
46591 253602 del
199064 228937 del
137050 235083 del
74964 85693 ins 618
19711 51050 del
192348 208088 del
76655 153513 ins 424
39487 162758 ins 738
111361 113145 ins 179
36386 206885 ins 356
33953 48403 del
146574 218717 ins 685
8350 32055 del
34187 107118 ins 756
99090 176343 del
28885 187646 ins 307
24996 148299 del
161927 233346 ins 970
43760 227097 del
99270 127325 del
11958 186153 del
1497 215974 ins 612
3959 97395 ins 126
90683 218891 del
64093 220982 ins 79
71529 242193 ins 183
2498 56902 ins 487
21997 43523 ins 810
71451 178160 ins 158
167853 228084 del
103341 240262 ins 239
32836 196806 del
17685 240303 del
8460 21180 del
169391 191187 del
107003 144828 del
51678 127329 ins 536
49117 144479 del
12423 158320 del
72784 263000 del
21690 156018 ins 347
24147 162006 del
99772 215817 ins 245
117 244577 ins 969
96483 148347 ins 537
4908 87254 del
123146 234813 ins 863
149066 183797 ins 424
103219 223844 del
102772 172392 ins 18
10573 218668 del
72035 78513 del
186721 232440 ins 704
59544 137486 del
151220 226913 del
74420 133315 del
8234 161162 ins 406
16503 261697 del
5594 179885 ins 644
110744 112635 del
31151 243285 ins 543
71552 246568 ins 295
51727 230212 del
29912 199912 del
191097 233955 del
45153 160132 ins 578
29500 230632 ins 680
109566 152416 del
42149 218416 del
28604 248877 ins 220
128133 183114 ins 984
107281 120170 del
56437 118490 del
113722 166665 ins 57
57394 100023 ins 468
61609 169484 ins 579
107960 221752 del
64589 102254 ins 679
208529 223424 ins 68
127843 164669 ins 81
45191 117355 del
139763 261141 del
91519 128259 ins 422
4089 216548 ins 75
2101 194512 ins 556
4105 151319 ins 804
23565 111922 ins 392
130505 158454 del
181525 254742 del
97702 146333 ins 811
7161 216861 ins 735
111076 151153 del
7977 155714 ins 523
124108 219077 del
151125 245398 del
10490 224988 ins 290
171918 231632 del
93133 156538 del
7471 41469 del
36458 78076 del
65806 70194 ins 662
124247 154533 del
45480 199592 del
166897 203860 del
146274 258820 del
49841 104787 del
3509 30396 del
66015 209091 del
66440 254389 ins 208
17622 162769 ins 534
33400 236432 del
123064 247401 ins 556
35656 209994 del
212119 260150 del
1994 34429 del
171311 226069 ins 737
245641 255187 ins 690
150219 229357 ins 934
15993 214456 del
140691 226982 del
13067 179303 ins 526
5838 59289 ins 582
499 184256 del
49165 98290 ins 910
33428 122506 ins 946
147274 182643 del
170896 237713 ins 254
63996 88259 del
211396 240193 del
244009 263231 ins 194
212758 261503 del
56864 217332 ins 262
71389 113065 ins 126
156877 171236 ins 92
28583 159481 del
117923 240345 ins 905
2664 128741 del
31576 126315 ins 514
28305 105598 del
202948 233337 del
39540 109459 del
148663 234559 del
17579 58603 del
101576 159201 ins 937
122730 128035 del
131257 209300 del
135535 147314 ins 25
4989 262438 ins 539
175050 252128 del
71977 85785 ins 467
94456 219604 ins 105
31969 256058 del
127664 158322 ins 553
116736 141807 del
79553 157719 ins 643
76532 132312 ins 824
83627 124876 ins 956
6431 190539 del
27206 124289 ins 287
58023 69901 del
54834 223709 ins 745
1681 156412 del
25580 176753 del
86213 216936 del
86496 171517 del
32976 254616 del
122114 127486 del
21976 244536 ins 776
179761 232541 ins 82
45724 147136 del
4513 219393 del
140194 213431 ins 6
38841 194955 ins 413
40885 53324 ins 862
80807 97438 del
32024 69266 del
42242 97234 del
49269 116384 ins 103
79798 183358 del
83523 187004 ins 95
32317 50412 del
59284 207685 ins 602
142827 184062 del
212358 228609 ins 965
61097 121656 ins 196
112313 259047 del
63410 240295 del
78233 81310 ins 710
82512 99503 del
81954 119846 ins 728
80092 238434 del
100641 245290 ins 914
58072 166609 del
121525 248662 ins 151
176839 234327 del
46527 118064 ins 955
101115 151963 del
91923 233951 del
141703 176470 del
18298 52594 del
89372 194645 del
41154 207132 del
20553 47494 ins 665
199377 215161 ins 539
4296 21861 ins 487
38883 217277 del
116419 118006 ins 377
17633 86832 del
51312 200716 del
49938 217678 ins 428
37178 194404 ins 401
127445 262002 ins 127
46415 81515 ins 533
179136 204208 ins 145
148328 228499 del
49744 190714 ins 844
149103 237913 ins 191
22880 261621 ins 949
37947 100096 ins 170
33282 144075 del
8386 90082 del
72827 220862 del
116955 165080 ins 869
186967 187424 ins 843
130936 168620 ins 243
39748 144779 del
24277 243371 del
45371 65348 del
943 70087 ins 270
218255 222963 del
3920 242700 ins 940
123094 201427 ins 758
165014 177614 del
238578 255632 del
58195 151786 ins 682
5034 16186 del
151534 179815 ins 809
34275 165427 del
135622 186310 del
22845 254757 ins 161
48313 179923 ins 67
11170 88460 del
137059 208655 del
8740 243295 ins 317
139822 177518 del
754 224838 del
96177 247442 del
40762 192721 del
55420 244114 ins 274
109724 138055 ins 723
37868 238556 del
112916 155588 ins 658
8734 174020 del
60254 117329 del
108418 137701 ins 515
224182 244297 ins 139
164880 226293 del
134865 161835 ins 603
32164 39643 ins 80
15666 188261 del
70065 196077 del
92704 253954 ins 688
25192 230159 del
21417 167122 ins 370
20207 117585 del
188690 247349 del
67608 213151 del
17852 70674 ins 116
170719 253617 ins 911
132172 243412 ins 901
49861 149933 del
30425 96841 del
35560 168425 del
44445 220698 ins 748
168247 249166 del
58020 254701 ins 257
102878 199250 del
194623 225673 ins 444
130809 179756 del
87948 130015 ins 623
65747 109925 ins 351
218204 263450 del
31519 39864 ins 566
110928 238567 del
116472 176284 ins 136
114359 132984 ins 131
111312 235243 ins 428
178243 195205 ins 553
136781 170795 ins 119
47460 135520 del
1070 74256 del
37297 235054 del
1133 162024 del
116663 208191 ins 329
40182 212195 del
70718 212645 del
111578 129681 del
244369 252863 ins 216
76023 132345 del
103260 129102 del
194441 226083 del
63694 96931 del
54782 90921 ins 275
21697 30971 del
217879 256611 ins 80
85119 133088 del
157564 236053 del
104454 213802 ins 911
160621 252917 del
77831 216694 ins 184
28184 228825 del
148047 203007 del
86218 87911 ins 253
78834 236885 del
117590 178618 del
38056 131634 del
200397 230331 del
147278 193108 ins 851
37737 126044 del
93896 238368 del
122869 256410 del
175481 252266 del
181201 230193 del
29138 121576 ins 377
1557 211066 del
18367 233978 del
27377 152442 ins 448
58995 224299 ins 715
9862 241998 del
170093 185583 ins 106
28726 41382 ins 846
94860 139018 ins 154
34103 227184 ins 423
88295 168498 del
199970 234002 ins 140
80775 247369 ins 280
60760 112820 ins 900
159178 174933 del
165374 257230 ins 920
100274 186828 del
168696 240813 ins 132
113590 129965 del
85296 157544 del
181990 212924 ins 70
44330 148270 ins 535
69345 165655 del
31643 153398 ins 573
50708 260751 del
15237 214426 ins 215
112036 115358 ins 497
198543 214968 ins 547
116931 169164 ins 601
181706 214514 ins 113
44175 74378 del
132845 258732 del
92890 249963 ins 22
124682 180971 ins 120
28996 67851 del
128943 233658 del
137801 216597 del
48844 158109 ins 32
59723 108074 ins 386
46108 50255 ins 483
53920 149447 ins 990
120990 145641 ins 734
181445 235672 ins 917
84317 256975 ins 266
141148 259944 del
43054 142919 del
121899 185715 del
158843 263783 del
25717 79589 ins 927
14205 120711 ins 631
132975 195178 ins 193
19234 210141 del
39156 79814 del
171088 191798 del
180746 225326 del
76196 246748 del
36012 205577 ins 765
68084 133200 del
74251 120241 ins 278
66243 227441 ins 553
232912 237086 ins 646
6770 181199 del
31986 63627 del
32630 227497 ins 290
38137 174451 ins 966
178272 229102 ins 686
43975 163225 del
76515 157300 ins 780
166801 170763 del
163861 185128 del
199721 214894 del
934 13927 del
106176 182397 ins 287
219505 241006 ins 188
199381 237551 del
138877 255576 del
87977 171223 del
5641 98691 del
31376 65552 ins 843
86951 126469 del
12985 155076 del
156186 207461 ins 358
19826 132570 ins 1
9435 130463 ins 102
108977 141509 ins 394
57411 218383 del
11679 64693 ins 750
111782 246069 ins 185
103269 136120 del
208447 257076 del
181040 259474 ins 401
98972 221778 ins 679
15703 216269 ins 84
38625 176872 ins 896
44126 75105 ins 920
3309 165432 del
2346 6294 del
22508 136419 del
33119 261784 del
31373 159072 ins 814
128890 158576 ins 60
172664 244395 del
65798 264050 del
168769 180598 del
18756 262354 del
176536 232515 ins 732
6558 69672 del
42657 240206 del
142239 255735 ins 490
137609 257074 ins 144
94779 220543 del
39497 248509 del
197317 260984 ins 654
86514 142313 ins 637
56233 151448 del
18145 30958 del
178565 234019 del
80655 129381 del
79333 94206 del
26542 219148 del
33486 42559 ins 416
26190 35450 del
39016 133981 ins 934
55487 95819 ins 599
33082 36594 del
10618 110744 ins 108
71024 220792 ins 999
43524 249579 ins 96
60539 200483 ins 541
224583 251598 del
126003 213569 ins 156
51352 80600 del
81987 175315 del
18896 185381 ins 714
103746 121964 ins 444
81058 172050 ins 250
145040 214479 del
30696 209172 ins 460
42624 126150 ins 326
126204 245802 ins 685
312 165285 del
111170 183996 del
63037 96169 del
53570 130220 ins 986
138219 235635 ins 281
24197 52551 del
58804 264152 del
144132 251128 ins 535
144172 235172 ins 127
49909 123014 ins 610
21355 215251 del
96531 119874 del
35794 112053 ins 859
121085 237890 del
135365 212588 ins 364
12600 92447 ins 589
61966 84235 del
138581 191824 ins 79
131394 263987 del
62599 148594 del
35108 103752 del
85640 257229 del
117096 141478 ins 255
21973 264059 del
119939 193267 ins 81
14602 50773 del
196421 240043 del
103076 111590 ins 529
127377 229350 ins 470
63188 190601 ins 578
16336 195954 ins 504
211719 258626 ins 441
101529 168284 del
22564 180035 del
145412 166633 del
96083 223634 ins 618
20280 163257 del
13414 67009 ins 985
221149 221437 del
10430 28835 ins 254
35459 187970 del
9841 80446 del
98101 146547 del
178134 222052 del
57527 96705 del
16688 253656 del
12348 246697 ins 603
12961 144212 ins 678
16572 188471 ins 256
116008 181257 del
90761 240205 del
39422 55102 ins 525
67653 102005 ins 140
33025 78009 ins 266
180517 206699 del
185470 260118 del
15394 185150 del
17517 212974 del
21450 181922 del
17484 183809 del
3659 56818 del
116140 174911 ins 434
61067 76288 ins 404
101689 135887 ins 347
222773 254146 del
17015 184232 del
37424 58884 ins 834
89331 242716 ins 917
9935 62227 ins 55
4475 194631 ins 812
69203 147562 ins 252
5485 44262 del
157407 207318 del
50826 254834 ins 237
5234 125176 ins 27
78718 127908 del
149323 226743 ins 133
101911 256682 del
105485 247961 del
68023 69406 del
227047 246135 del
174767 220466 ins 243
65549 199349 del
45285 235411 ins 260
12732 187187 ins 756
73673 176015 del
191890 254160 ins 179
188952 214395 ins 652
56661 110534 ins 927
235509 250241 ins 646
226897 229569 ins 8
29925 104049 del
53841 249881 ins 167
2095 243323 ins 29
152089 195344 del
191139 223029 del
49934 147348 ins 440
190400 251948 ins 699
90612 141971 ins 80
99501 247549 ins 773
106879 226505 del
22364 91952 ins 527
5683 35434 del
27509 225749 del
120275 178013 ins 82
25208 40153 ins 59
39443 216706 del
123357 129943 del
81422 183317 del
56028 89599 del
157728 239691 ins 860
24551 84497 del
21219 108029 ins 58
91824 215584 del
180155 244082 del
230109 232162 ins 664
2572 75729 del
40020 67376 ins 357
15467 37599 ins 648
85418 136964 ins 224
21471 57364 ins 463
92346 170448 ins 464
120795 225088 del
38072 239047 ins 680
58938 116792 del
49592 166511 ins 409
59482 103139 del
103996 116252 del
54583 226275 ins 851
27923 39594 ins 762
37376 237744 ins 491
60284 163456 del
25524 215700 ins 534
39406 45110 ins 521
50682 161847 ins 186
119538 207590 ins 143
208683 224200 ins 539
74236 237532 ins 581
55448 179586 del
82873 184176 ins 56
143262 195766 del
59450 108588 del
172017 178414 ins 288
44248 66939 ins 297
67893 124824 del
22439 145467 del
7916 38005 ins 741
179526 223104 ins 928
119573 203418 ins 828
56097 230550 ins 827
23515 243469 del
147756 252245 del
70345 167862 ins 557
14564 37645 del
149502 246916 ins 390
135513 190935 ins 640
19986 104037 del
88024 244503 del
7980 221987 ins 534
86899 258812 ins 116
87681 172797 ins 299
99738 210695 del
29379 217800 del
205031 214441 ins 48
14685 136145 ins 743
191354 252447 ins 341
109728 110755 del
90268 91220 ins 816
46659 258741 ins 518
218706 238784 del
88175 174397 ins 456
238827 255680 del
97991 216535 del
132916 147229 ins 470
50154 192051 ins 880
194229 255645 ins 807
61432 190282 ins 494
96298 150249 del
70474 262541 del
44805 184571 ins 426
80318 148932 del
64849 223036 ins 453
80614 86258 del
61079 213917 ins 299
37196 175838 del
37424 124751 ins 233
233888 254817 ins 178
209886 218203 del
39586 200193 del
185221 216190 del
42481 120384 del
7036 216830 ins 565
98203 154235 ins 284
31679 203328 ins 897
34818 118448 del
143489 201340 ins 586
200250 248146 ins 212
139497 232993 ins 768
36561 201319 ins 2
36180 234790 ins 906
66901 140338 ins 125
40068 99772 del
140636 249871 del
49021 52374 del
90344 256597 del
5810 190057 del
35391 75439 del
29459 244850 ins 242
49899 215042 del
121028 168207 del
95931 104280 del
164657 258490 del
22555 207695 del
155541 196769 ins 681
46807 110804 ins 974
26202 136169 del
143038 254435 ins 263
54330 182788 del
32915 122138 del
47847 146315 ins 45
64363 124279 del
145219 178129 ins 638
16111 89168 del
3793 248076 ins 282
147335 211403 ins 724
7904 183070 ins 195
37874 76611 ins 856
168043 224032 del
93974 165985 del
70819 155487 ins 820
81123 259621 ins 665
208061 232324 del
70419 167211 ins 831
47713 61493 ins 377
78910 254778 ins 592
46180 243489 ins 937
21833 189193 ins 35
169174 174537 del
94427 229593 ins 295
23421 132201 del
166763 206206 del
49322 223203 ins 614
56365 173866 ins 765
51159 216428 ins 244
11896 264201 del
36051 262347 del
60351 215481 del
104099 219660 del
200734 234550 ins 652
58188 115922 ins 344
28860 62731 ins 722
2201 66666 del
92089 207688 ins 796
188552 192738 del
102414 174059 ins 789
64256 207793 ins 379
31582 48887 del
2893 214122 del
64769 225320 ins 714
203066 247851 del
134055 148175 ins 565
44875 102092 del
13246 239430 del
214690 220702 ins 452
44004 165035 ins 757
37302 92723 del
37585 123964 del
57676 218206 ins 879
14593 178716 ins 218
133157 140518 del
122527 189077 del
23111 74666 del
83178 188657 ins 576
78589 183455 ins 661
54675 153370 ins 26
13049 83887 ins 527
59958 224796 del
78499 131837 del
161437 236079 ins 230
135427 250183 ins 691
186275 264070 del
161620 184162 ins 574
48148 172450 ins 484
155873 248149 del
64059 66762 ins 19
17760 241051 ins 387
15681 169663 del
88236 192490 ins 642
151888 152296 del
37453 179726 del
111113 163636 ins 17
100107 248123 ins 7
43514 145954 del
12702 251911 ins 989
218866 243153 ins 835
41000 227943 del
114890 146414 ins 692
20821 29903 ins 74
79647 232882 del
174778 185646 ins 725
33167 78673 ins 882
181745 218490 ins 413
141319 209325 ins 324
55593 129721 del
28757 53984 del
70292 167791 del
14329 244148 ins 655
156761 162176 ins 55
67964 204333 del
93248 169870 ins 772
130806 252283 ins 730
58034 141453 ins 756
22169 259648 del
108249 178490 ins 164
48472 72078 ins 634
56157 164882 ins 813
57165 196788 ins 733
42404 206349 del
4091 6231 del
3062 135955 ins 415
46299 185235 ins 190
33056 84534 ins 632
30302 238252 ins 349
249872 253410 del
154724 248493 del
24901 174264 ins 980
46839 91950 ins 896
154802 173118 del
101123 212955 ins 963
154350 156606 ins 802
120867 239408 del
189939 217423 del
65248 184033 del
95855 224869 ins 869
167704 196023 del
23020 97489 ins 800
207637 228749 ins 854
99274 218245 ins 848
72637 166929 ins 439
139360 190506 del
24987 153965 ins 860
101905 227068 del
46264 93214 ins 448
69155 98598 del
41033 62110 del
22986 135403 del
15277 69158 del
75115 143370 ins 212
30692 174512 ins 68
31533 118967 ins 767
196384 231654 ins 15
162250 191058 ins 305
18050 262771 ins 716
84637 216106 ins 619
208024 257795 ins 289
17775 71390 del
93639 139425 del
66862 111573 del
13774 137534 ins 166
5357 57823 ins 138
209126 211149 del
133160 149703 del
147609 245035 ins 114
10466 142482 del
2137 261516 ins 211
13205 202881 ins 245
58171 217983 del
142782 153236 ins 777
69216 239337 del
18442 42561 del
140339 230373 del
121662 123699 del
47150 223106 ins 401
1569 140068 del
180107 194400 del
170992 228467 del
13810 213975 del
59814 207695 ins 803
161727 219118 ins 911
74954 202041 ins 105
166660 234490 ins 584
176904 231096 del
144450 184582 del
99112 236440 del
103792 192442 del
66287 221152 ins 291
52835 236581 del
139901 253946 ins 527
117684 225370 ins 204
29708 170242 del
150992 258501 del
63656 138398 ins 809
150200 206525 del
63145 108914 ins 345
127499 172016 ins 116
119393 132354 del
49014 52751 del
151684 191798 del
739 218305 ins 200
108108 189347 ins 413
3589 92592 ins 102
157046 161057 del
15617 64258 del
148726 196837 del
56384 260425 del
186208 213188 ins 169
65729 91185 ins 226
8960 231789 ins 346
218005 238667 del
34280 131862 del
162247 209473 del
111004 190836 ins 447
157436 249558 del
47979 175805 del
83665 225678 del
108021 171237 ins 324
49956 183952 ins 318
196250 221183 ins 22
71709 215031 del
67899 238421 ins 121
5451 15034 ins 333
74841 251655 del
3616 26962 del
63229 100901 ins 398
19055 143947 del
93315 208889 del
124001 153681 ins 615
77116 216333 ins 597
234267 237496 ins 455
189243 205819 del
1025 230905 del
40491 244670 ins 275
33514 129988 del
3841 48885 ins 455
89548 219982 ins 245
131525 256983 ins 769
145414 195289 ins 309
105760 260037 del
190532 244234 ins 549
187758 210124 del
123174 208560 ins 867
90489 199831 ins 103
131951 192849 del
164033 201024 ins 646
68572 205443 ins 567
65211 139169 del
34213 163213 del
10452 24814 ins 731
72424 77246 ins 952
61324 153802 ins 370
51559 122086 ins 627
51947 155555 del
43513 59291 del
77206 156896 ins 870
87709 156447 ins 740
127753 166581 ins 758
142430 226486 del
65847 140132 ins 132
25085 106019 ins 544
22854 132400 ins 960
138079 189340 del
77379 251291 ins 437
87639 218651 del
76997 242976 ins 439
53781 230324 ins 207
12684 76484 ins 141
46201 261087 del
161819 254285 ins 214
41584 76967 del
211566 222076 ins 401
91281 214848 del
242826 250582 ins 721
124186 133554 del
193130 259463 del
58506 211864 ins 842
104123 204477 del
11330 122585 del
66059 240037 ins 251
65486 248172 ins 308
101729 221756 ins 363
160113 244840 del
13288 253358 del
31827 125481 del
10016 127471 ins 947
100990 264066 del
151965 248323 ins 367
115156 170319 ins 407
136501 205835 del
133484 184786 del
4293 113329 ins 19
13376 100443 del
43215 135386 del
43327 118057 del
24542 244946 ins 686
31814 90666 del
86263 120414 del
42671 249459 ins 940
128369 171182 del
138598 157257 ins 781
24290 243334 del
207174 261054 del
35683 53960 del
85663 151618 del
60615 147222 ins 232
201592 213135 ins 57
72083 95601 ins 50
30756 208881 ins 965
138136 197869 ins 201
208423 215741 del
145432 173074 del
23565 211459 del
559 70004 ins 603
48034 202330 del
30187 199710 del
124973 259702 del
61128 186886 del
127474 156639 ins 276
48953 224591 ins 870
68901 198257 del
141723 221887 del
216401 237642 ins 441
74615 262762 ins 962
16222 50540 del
189617 215817 ins 25
81757 112082 ins 706
27630 176366 del
224294 237495 del
64053 185568 ins 394
149972 187125 ins 246
170117 233747 del
9738 74151 del
90018 119103 ins 562
111168 196413 ins 673
64692 105844 ins 335
40745 73177 del
211 177633 ins 270
67226 152727 ins 898
43383 65572 del
32755 108115 ins 112
102764 206133 del
84804 86212 ins 141
89157 159491 ins 661
78156 115683 ins 187
132481 217344 ins 219
89063 206242 del
118941 193475 ins 660
51262 52733 del
177399 206299 ins 669
69137 107336 ins 439
183010 234856 ins 806
163792 239643 ins 20
55481 67377 ins 929
189508 254770 del
115547 217144 ins 960
18143 220398 del
103456 235709 del
138557 160292 ins 446
59714 71195 ins 811
90182 248453 del
48681 48790 del
95322 231571 ins 177
34661 159008 del
22039 258484 ins 480
174492 223328 del
179110 196845 ins 588
15765 264002 del
26314 84542 ins 528
148209 220839 del
36781 61091 ins 522
204865 225194 del
67531 194103 ins 906
69615 71134 del
106872 247184 ins 563
29009 152335 del
18074 261702 ins 134
103505 129840 ins 362
45192 119449 del
112837 130931 del
33962 172317 ins 318
128618 247052 del
38073 264092 ins 939
425 190048 ins 706
162023 229862 del
175053 257109 ins 414
63069 188268 ins 202
90218 152034 del
139323 166157 del
74791 156247 ins 308
26401 89855 del
26771 102930 del
172173 227007 ins 790
41151 102725 del
96085 254935 ins 651
135172 257479 del
81738 176926 del
71847 125366 del
178028 218550 ins 346
150847 171959 del
20417 218491 ins 222
173392 197781 del
120182 199618 del
194000 231551 ins 779
51615 193621 del
157658 210374 del
217415 223794 del
83953 159942 ins 378
127315 175738 del
126470 185743 del
32536 54824 del
95078 199652 ins 565
11113 196492 ins 102
34658 169003 ins 86
8351 180470 del
107994 142473 del
31390 113788 del
46779 101635 ins 297
36746 145041 del
71485 118723 del
90879 195636 ins 690
103275 163856 ins 224
247059 260895 del
93575 184979 ins 355
74852 238985 ins 722
198731 201545 ins 706
46418 193429 ins 53
59806 83782 del
27784 98741 ins 75
86678 124176 ins 989
177141 229086 del
12081 17944 ins 166
160263 179868 ins 464
71360 182385 del
199329 240107 del
9091 137370 ins 100
12570 172195 ins 911
18225 245417 del
71584 254046 ins 364
127996 182222 del
77536 204213 ins 605
78553 160296 del
150721 243257 ins 304
23182 39954 del
66467 74797 del
52694 86059 ins 195
206451 209813 ins 915
52671 235714 del
92191 103312 del
69735 214107 del
62186 247671 del
104462 147322 ins 519
51182 101689 del
207031 215296 ins 780
8649 198706 del
130041 130474 ins 163
170861 226724 del
15348 197016 ins 74
55132 252237 del
162868 239203 del
19631 59301 del
59212 123531 del
48058 53138 ins 260
30085 37059 ins 551
45485 100992 del
163745 262144 ins 597
101901 114309 ins 682
113232 214528 ins 938
31481 38613 del
76079 226719 del
44499 125770 del
89689 93411 ins 399
81393 158814 ins 952
95217 243936 ins 63
24600 212610 ins 460
20777 90145 del
172257 244995 ins 559
223240 256433 del
207593 208863 del
64616 97196 ins 404
35536 203339 ins 218
82860 205542 del
54829 91264 del
126080 153696 ins 818
224540 260618 del
165204 170416 del
30399 255220 del
208749 223196 del
145142 169864 del
63052 92600 ins 78
59770 139132 ins 483
73655 211720 ins 809
55991 86615 ins 953
107968 167771 ins 851
155544 164730 ins 271
8525 230006 del
58249 211341 del
68548 215674 ins 934
98245 203558 ins 984
76442 92803 del
33599 133969 del
23056 204139 ins 139
142310 151082 ins 386
51315 65021 ins 536
232767 242718 ins 22
111283 125823 ins 888
152397 159451 ins 385
120786 122034 del
8276 191560 ins 605
104635 150741 del
86539 203739 del
22277 135782 ins 15
144070 261844 del
76564 218818 del
1528 55331 del
17573 167205 del
173574 239890 ins 264
5062 185473 del
45144 51150 ins 16
77565 232359 del
68190 197935 del
115621 171419 del
12357 250429 ins 693
58490 178875 del
40756 131970 ins 920
200238 201511 del
149687 211454 ins 76
56787 128189 del
24632 168975 ins 57
76182 143396 ins 342
7940 16775 ins 859
140216 261039 del
70019 131787 del
10351 168675 ins 625
13335 80619 del
21370 220316 del
19368 158711 ins 807
59298 264158 ins 790
40865 118949 del
60020 130920 ins 360
33691 82920 del
57156 172232 del
30747 99079 del
123069 241128 ins 187
78433 175219 del
34537 210391 ins 730
142029 146253 del
63065 182916 del
27961 194676 del
235944 256902 del
111659 251561 ins 514
27027 81722 ins 600
47089 189651 del
16296 145487 ins 247
189184 247547 del
229460 230025 del
20234 251860 ins 975
81130 194282 del
11018 243448 del
23317 207955 ins 418
23808 143595 del
57439 91784 ins 662
221 223716 del
165266 245024 ins 430
82334 155518 ins 212
120385 197330 ins 717
77973 139383 ins 270
12485 130451 ins 257
103070 124709 ins 809
7255 151801 del
34192 190129 ins 448
66326 165398 del
25445 222267 del
108293 250064 del
172940 223219 del
23801 155008 ins 990
84157 250835 ins 132
12247 124123 del
687 107663 ins 777
49464 241263 del
118040 188724 del
123796 157988 ins 388
200577 246263 del
65703 105108 ins 517
29409 118642 del
3196 74850 ins 358
178274 246362 del
199976 218409 del
149253 221000 ins 667
53498 107961 del
15706 168711 del
77858 165416 ins 935
55385 241247 del
82405 165111 ins 919
60401 256220 del
74104 173187 del
32044 164880 del
86698 238569 ins 898
203620 247340 del
139056 254291 ins 618
109480 218305 del
80349 252262 del
169490 233164 del
73788 131206 del
66757 153914 ins 57
216274 263950 ins 500
135200 153086 del
83764 256368 del
47277 138357 ins 234
52389 136954 ins 429
17098 204339 del
171263 252495 ins 201
171915 181834 ins 262
7990 226367 ins 483
22384 62389 ins 224
193932 208092 ins 85
177897 203659 del
89359 196901 del
66138 194698 ins 731
10372 162208 del
30834 182825 del
14846 104523 del
170647 172112 ins 913
130049 213694 ins 155
60694 102234 del
59656 185465 del
6676 236828 del
108296 167343 del
196629 233127 del
3397 263096 del
130193 217806 ins 141
198550 233643 del
131570 174151 ins 648
90879 155009 ins 255
73013 139960 ins 132
172191 218510 del
37333 169502 del
53334 214236 ins 558
8197 172850 ins 492
63333 146417 ins 249
29136 129876 ins 442
54480 62229 del
190583 251931 ins 335
90670 261923 ins 81
208554 258600 del
62438 198898 ins 135
8076 209493 ins 711
171718 246778 ins 9
247692 256711 del
35698 240225 ins 533
92726 200165 ins 188
49015 105214 ins 642
25780 89921 del
11007 152467 del
42047 87901 ins 22
198477 243171 ins 665
120977 154218 ins 671
182502 234737 del
65782 187822 ins 44
7964 146843 del
37396 101080 del
40447 90444 ins 808
63602 114993 del
65320 244831 del
12834 24209 del
161628 240694 ins 414
17135 118873 del
155824 258606 del
61330 133694 del
156441 178064 del
44719 103984 ins 406
62892 252931 del
74209 254787 del
151419 220638 ins 82
249037 261961 ins 15
6728 145295 ins 344
120418 221151 ins 832
110332 170631 del
202566 234640 del
138318 157469 del
221825 241211 ins 694
196602 220762 ins 754
119845 147905 ins 15
136155 180410 ins 232
116121 163805 del
14830 138872 del
92323 142552 del
55430 184900 del
89138 143768 ins 546
18082 173769 ins 687
172122 260129 ins 821
86989 133464 del
139162 246024 del
173297 204322 ins 294
218905 234645 ins 414
188928 245448 del
62769 172534 ins 67
125928 263152 ins 269
199956 253427 del
57887 96644 ins 311
28931 181989 del
43792 211934 del
18279 36684 ins 788
23944 212322 ins 631
87197 165391 ins 524
188671 259488 ins 768
35004 243163 del
182755 220667 del
51428 125123 ins 930
169590 239406 del
125854 187429 del
45817 47865 del
47216 232263 ins 670
225265 230484 ins 936
6195 237581 del
34209 94815 del
78717 114262 ins 97
93279 199679 del
78534 233831 ins 820
8716 237341 del
192868 209029 ins 824
130133 243952 del
128682 230276 del
65524 195823 ins 617
29272 226743 ins 889
206820 208975 del
27999 173806 ins 920
16152 182902 del
80429 161980 ins 348
186524 211189 del
3990 220479 ins 746
121292 135652 del
69433 69892 ins 875
91902 193207 del
151944 222758 del
59885 212264 ins 508
8915 69873 del
245325 256323 del
75512 145663 ins 544
32995 40186 del
150670 187813 del
48538 200966 del
36696 150221 ins 569
151153 190854 ins 749
171198 251173 ins 78
173226 193547 ins 521
36162 114295 ins 449
112322 120670 ins 869
143826 251158 ins 849
61740 115696 del
121467 261874 del
74328 165081 del
76227 83950 del
119399 164768 del
144709 228187 ins 489
119536 253436 del
4726 107144 del
59357 215458 del
9112 84138 ins 975
134371 143955 del
49037 189835 ins 432
57712 182878 del
110943 162015 del
7230 196732 ins 694
63996 255533 del
45081 193385 ins 854
5291 34827 ins 325
18825 158938 ins 533
50257 148428 ins 996
90376 180136 del
6233 94315 ins 932
51570 253437 ins 961
61520 192100 ins 165
156764 230824 del
15402 76409 ins 731
203016 241838 ins 59
44898 249822 del
25232 146290 ins 89
8579 208342 del
215095 249539 ins 517
90471 230477 ins 612
57462 64489 del
22312 195499 ins 31
104627 107724 ins 539
66539 137598 ins 655
591 25899 del
72502 164961 del
165072 178570 ins 759
39345 63436 del
121204 249054 del
187271 234457 del
20230 94118 ins 694
130369 170636 ins 54
47157 262996 ins 616
133966 257763 del
93763 129957 del
12339 258971 del
90679 238260 ins 413
67547 189830 del
102397 181525 del
44475 242481 ins 643
71077 218782 ins 808
191821 204825 del
228743 245907 del
37683 183141 del
90718 186871 ins 839
31808 201631 ins 701
89227 258978 del
18625 231385 ins 990
47597 125789 ins 694
51844 244675 ins 688
224240 240765 del
207376 239001 ins 841
127676 165556 ins 350
26487 53182 del
151265 226653 ins 693
127523 236005 ins 796
12527 252424 del
5289 54257 del
92448 108317 ins 130
49412 211287 del
148981 239393 del
248040 253276 del
10013 44456 del
165377 244118 ins 10
46911 252370 ins 501
53161 77831 del
90896 94354 del
84820 247439 del
24105 65071 ins 159
4489 238768 ins 124
120877 172003 ins 854
82508 173136 del
32830 217438 ins 229
74889 87129 ins 787
65698 225079 del
67029 152842 del
30225 193391 del
10881 168290 del
136996 249278 del
102887 155583 ins 528
191286 205165 del
67859 249595 del
17563 191047 ins 458
76214 167554 ins 831
75624 121777 del
22532 227928 del
111771 207518 ins 806
120276 141719 ins 244
29003 122527 ins 865
115102 207248 del
141333 235066 del
138090 205787 del
20662 208262 del
103946 214404 del
104181 181749 del
93435 211278 del
120360 161737 del
23453 29291 del
107898 250983 ins 651
79423 144507 del
29881 229198 del
53427 199612 del
23661 126760 ins 84
2708 138852 ins 115
20526 100275 ins 942
29570 248430 del
55791 224927 del
9521 45693 ins 706
8666 16465 del
19165 199577 ins 215
81658 174021 del
20644 246674 ins 685
28198 158138 ins 25
35761 162789 del
10469 185089 ins 600
43800 99846 ins 601
127300 239727 ins 137
113181 137877 del
47042 49658 ins 953
129268 191389 del
157474 177654 ins 583
32407 260237 ins 11
4957 167469 ins 137
173654 196280 ins 339
5446 102928 del
38735 223557 del
109937 251743 ins 503
35355 235746 ins 678
92088 112199 del
56777 180973 ins 747
96908 128496 del
27371 44136 ins 941
104422 125443 ins 799
197560 220330 ins 361
32855 215674 ins 280
10400 136434 ins 254
53227 193435 ins 988
17674 154435 ins 419
32635 198431 del
3028 111650 del
121657 164013 ins 672
28123 243144 del
237649 240371 del
83467 248298 ins 28
73645 208567 ins 570
55448 59068 del
104647 167107 del
180601 232032 ins 374
161355 173323 ins 469
82434 124729 ins 7
17972 55707 ins 364
149438 154118 del
91588 239943 del
117259 123327 del
34455 242372 ins 509
66970 139467 del
183721 188977 del
39050 203224 del
188510 192457 ins 789
34301 233341 ins 518
238503 255960 del
181379 243217 del
30044 218791 del
84708 169913 del
292 214361 del
82738 103023 ins 53
15723 35294 ins 705
152841 177551 del
44409 52829 del
95399 212009 ins 793
189024 232066 del
98945 217151 ins 769
187576 225341 del
201339 241279 ins 765
46194 194660 del
95166 165999 ins 68
26274 186261 ins 25
251918 258738 ins 431
96744 196576 del
123807 203600 del
132462 146071 del
224373 264210 ins 173
220320 226230 del
160342 173612 del
34178 257092 ins 770
37805 106577 del
73988 145536 ins 295
70501 250371 ins 621
112097 120291 ins 630
57758 121748 del
55057 107033 ins 687
120176 201317 ins 592
221531 233536 ins 820
23089 189178 del
49094 62656 ins 845
29987 175256 del
133270 189472 ins 657
142788 226463 ins 156
24273 257628 ins 740
180218 205502 del
62244 225656 del
100781 132878 del
21528 240008 ins 966
115913 120389 ins 93
29951 126351 del
132482 258910 ins 44
244443 245276 del
16871 75810 ins 815
9653 234833 del
98662 239266 ins 605
45147 82374 del
48092 161161 del
188989 250058 del
86375 125502 del
46644 54628 del
112174 225792 del
157502 196483 del
49631 158530 del
156567 189518 ins 220
135688 237935 del
49150 240783 ins 887
135826 147082 del
89282 204732 ins 337
54448 75532 ins 130
50136 143929 ins 634
170965 231297 del
147634 243808 ins 589
2542 72341 ins 977
179131 218223 ins 245
77543 231066 ins 129
21750 213026 ins 938
79002 80108 ins 347
141399 189953 ins 305
8431 73226 del
55512 64997 del
6637 193080 ins 599
108002 244125 del
174534 262738 ins 157
37928 123795 del
157437 204965 ins 540
11582 98693 del
4939 115483 del
180756 235895 ins 390
181927 238453 ins 770
129787 206657 del
110541 180386 del
84834 181830 del
15819 172313 del
132471 180102 del
5206 161623 ins 707
74442 118609 del
15826 239446 del
6997 205392 ins 815
36993 246763 ins 595
3798 234428 ins 436
94582 255369 ins 955
169884 249840 ins 872
166350 231168 ins 889
139336 232179 ins 116
44872 186920 ins 132
65758 92222 del
66391 223783 del
8735 95050 del
48666 233587 del
30611 96044 ins 905
102995 221766 ins 396
79421 210001 del
116973 117164 del
99870 105873 ins 44
3864 205941 ins 768
38493 65567 del
75631 205468 del
58468 249114 del
245426 264171 del
12266 162316 del
59932 196652 ins 118
69245 134216 ins 302
49787 51692 del
26394 108160 del
87571 129268 del
26991 120940 del
183042 212668 ins 108
59229 64880 ins 133
181360 240114 del
142914 179703 ins 589
211225 243274 ins 428
41634 124885 ins 321
48735 184417 ins 243
100811 145117 del
79578 124390 del
48154 135665 ins 803
21257 253106 ins 317
17443 245707 ins 297
64931 174066 ins 632
33622 196169 ins 441
12648 78078 ins 306
45599 160042 del
2703 228211 ins 979
56457 258909 ins 76
246528 258831 del
45628 73290 ins 173
25587 221210 del
34212 230013 ins 15
150614 199056 ins 433
41235 222314 ins 270
162685 235816 del
37085 122764 ins 463
52284 187652 del
13340 202792 ins 2
117173 182242 del
54786 236424 ins 364
27620 130607 del
40374 175460 ins 625
201022 220983 ins 514
7966 12103 ins 267
21983 211595 ins 240
13841 62695 ins 562
200041 228552 del
163386 183248 del
81299 152994 del
203882 208946 del
74220 247575 ins 863
95934 118061 del
41902 189272 ins 93
21906 180540 del
27321 171510 del
114290 119451 ins 94
75240 161056 ins 303
34296 131344 ins 305
108506 263415 ins 466
210611 213665 ins 95
55989 146236 del
12269 67946 ins 427
152565 243294 del
66178 143463 del
127313 246199 ins 446
110589 124759 ins 562
134659 175630 ins 890
59114 230150 ins 625
165625 242020 ins 584
57550 203128 ins 482
121731 245316 ins 631
70723 211617 del
52891 96911 del
88322 250865 del
343 545 ins 159
135187 212327 ins 889
213481 234095 del
94422 132172 del
102404 226721 ins 463
97723 138270 del
71072 263995 ins 328
140040 167994 del
163794 251485 del
211497 247043 ins 808
3830 89858 del
6170 163174 del
14256 179573 ins 625
64857 248084 del
13744 92494 del
119974 171587 ins 849
8080 29225 del
15119 153714 ins 7
123686 230688 ins 57
115230 183134 ins 9
6945 177204 del
8413 101532 ins 70
217510 256898 ins 229
72696 122569 ins 240
22704 45316 del
100757 181835 del
26296 54657 ins 347
109543 251838 ins 608
86106 171032 ins 323
171821 248574 ins 984
129876 198889 del
15151 124391 ins 559
68718 107920 ins 104
51032 98312 del
154436 220355 ins 900
4691 179213 ins 809
69076 138143 del
16380 192583 ins 900
76269 149483 ins 477
200793 227048 del
117500 176571 del
29726 195410 del
28663 42089 del
62560 219815 ins 875
43076 107506 del
127038 213389 del
40520 146027 ins 319
78466 212881 ins 64
128507 136717 del
1719 226887 del
49636 143511 del
166922 262830 ins 101
161215 186758 del
32765 258118 ins 624
42271 256284 del
47537 92304 ins 897
123537 127827 ins 970
207802 241670 del
10044 239145 del
77841 128793 ins 216
157407 236227 del
52692 202189 ins 875
554 176895 del
55607 112901 ins 471
56806 185462 ins 590
48424 66375 ins 37
182460 241201 del
80258 135734 ins 58
5475 87010 del
138559 194676 ins 822
116934 150818 ins 720
16713 61896 ins 171
168115 201970 del
16947 96921 del
44450 197242 ins 937
33698 68693 del
116061 126478 del
37120 237204 ins 746
99987 255820 del
53011 60474 del
11686 206382 del
41103 247556 ins 27
96972 196202 ins 953
132218 255338 del
107657 137391 ins 893
208139 242939 ins 980
76026 188117 ins 917
131983 157340 ins 602
170492 223470 del
66422 143993 del
4603 225801 del
49933 173039 ins 671
55499 59801 del
36805 245676 ins 852
143789 241082 ins 363
128043 240391 ins 774
43772 52632 del
229340 248587 del
30187 191376 del
21641 243196 ins 488
138576 173341 ins 76
67603 263677 del
30070 110462 del
143406 173527 del
4063 253688 del
17700 217746 del
155908 253884 del
161215 216590 ins 640
142032 198270 ins 91
210562 229187 del
178164 226107 del
28220 126508 ins 974
206942 237546 ins 532
35954 158085 del
25981 37249 ins 14
125714 168419 ins 468
176882 194153 del
94825 96823 ins 234
34791 262834 del
20734 58034 del
198132 199365 del
74214 166007 ins 137
145772 192232 del
145210 205734 del
164026 256259 ins 585
239196 261874 del
95732 158673 del
124210 222129 del
243716 253930 ins 287
117117 245552 ins 59
116650 173858 del
158554 225951 ins 210
62875 66509 ins 488
183907 209220 ins 368
187184 240426 del
14962 241854 del
5838 60005 ins 87
54415 232958 del
66696 198849 del
100644 179934 del
46808 180340 ins 442
41619 181012 del
19384 97757 ins 939
11131 109386 ins 920
73564 82633 del
177937 217601 ins 529
47867 88311 del
66578 89254 del
8650 252217 ins 839
131952 228768 ins 511
54119 99144 del
7309 136670 del
60524 149165 del
24455 182545 del
57489 67122 del
54947 146037 ins 250
151111 254549 del
34336 180542 del
120536 181026 del
102445 104948 del
31480 182974 ins 255
18114 79717 del
77238 257302 ins 307
71268 85575 del
74441 146131 ins 827
8149 8960 ins 905
26682 201205 ins 628
58035 163754 ins 569
205327 207536 del
3801 193288 ins 270
108669 154810 del
226725 235281 ins 658
241008 246157 ins 83
205333 229421 ins 999
110521 148580 del
7512 205014 ins 457
20546 118708 ins 503
78289 219514 ins 722
21890 126190 del
172370 182287 ins 328
40545 192264 ins 162
57490 223103 del
127235 233456 del
14882 147362 ins 785
97248 164011 ins 526
25612 72046 del
20677 37974 del
21198 51176 del
19475 53727 del
61056 245956 del
33670 108748 del
155946 245426 ins 632
94684 182504 del
48310 170078 ins 258
139100 226396 ins 973
83634 165595 ins 785
24220 213621 ins 701
106794 136194 del
49998 78307 del
63397 195955 ins 918
8281 245874 del
120100 256489 ins 937
118585 143058 ins 122
38374 230587 del
85604 250029 del
197180 212537 del
44783 196820 ins 335
70417 196118 ins 281
39004 86984 ins 730
109438 137523 ins 703
75964 238238 del
122306 143069 del
56823 70368 del
33267 152635 del
96457 234707 ins 854
110044 188270 del
25067 47233 del
101599 117764 del
7137 12233 del
116238 197908 del
133232 215457 del
46995 263462 ins 79
178313 195249 ins 611
147656 205819 del
78513 83434 ins 760
60205 244141 ins 573
163418 254792 ins 342
19908 159065 del
75564 259295 ins 320
3930 223007 ins 489
54110 94183 ins 977
64113 154506 del
34457 103045 ins 617
26932 138013 del
25516 82471 del
139446 169810 del
146124 217335 ins 137
46463 49886 ins 245
26233 91150 del
225583 226592 del
133394 247830 ins 194
46378 138535 del
6957 120527 del
35624 237455 del
122864 193687 del
102409 122912 ins 506
30174 164297 ins 808
84643 109306 del
23689 181807 ins 683
44729 61174 ins 859
218057 255885 ins 214
93469 207147 ins 677
13476 176004 ins 8
146967 254776 del
45956 64007 ins 922
24458 227452 del
28747 216113 del
66750 94140 ins 1
71359 77785 ins 796
17320 259204 ins 999
50736 178448 ins 844
171458 246473 del
31273 115991 del
34169 234901 del
30898 246523 ins 626
54492 253574 ins 472
71512 226276 ins 579
77625 240138 del
255431 256009 del
42957 192622 del
105971 139093 ins 719
128969 134791 ins 322
117406 256677 ins 254
71878 231765 ins 464
90338 257702 ins 971
77311 160899 ins 523
146612 238277 del
68809 129070 del
114923 221460 del
235941 252551 ins 253
16455 47100 ins 755
39220 114152 del
74432 86146 del
20324 198033 del
28888 60593 ins 747
139676 240106 ins 683
21135 57714 ins 817
11976 92572 del
13987 221245 del
41754 153618 ins 488
250729 251492 del
5684 32128 del
218193 263156 del
175234 204235 del
152849 163367 del
12838 93556 ins 509
65378 86317 ins 747
242992 258204 del
101169 200841 ins 830
41763 203657 del
116525 262427 ins 236
6321 69676 ins 354
37550 234612 del
48802 83930 del
99878 163885 ins 443
36819 219372 del
134870 237901 ins 745
43241 52335 ins 753
139672 192395 del
241512 248734 ins 631
13746 186997 ins 532
57639 63394 ins 276
50329 103762 ins 974
28167 81425 del
53506 154963 del
134158 205954 ins 543
110992 182222 del
130125 237843 del
62547 214334 del
26983 57646 del
8830 157546 ins 459
36143 221023 del
165260 205550 ins 955
153298 220692 del
363 100031 ins 709
66843 112420 ins 945
120170 214697 del
23390 52975 del
86135 137011 del
122621 143712 ins 779
48909 158722 ins 804
41520 64957 ins 932
61707 140065 ins 235
115234 235049 del
28255 74340 ins 473
97129 112485 ins 269
82549 250882 ins 642
173574 197279 ins 727
75964 255257 del
28344 155762 ins 303
55106 160540 del
160878 256607 ins 283
917 186260 ins 263
125439 175612 ins 153
202529 207424 ins 256
157060 198375 del
78702 170975 del
139784 241302 ins 559
57802 106243 del
53081 198616 del
199810 246882 ins 340
81989 258934 del
67571 241942 del
79284 129204 del
15091 115902 ins 568
4796 128737 del
234708 249579 ins 970
21924 206147 del
117572 225939 ins 929
185601 255347 ins 69
137319 231443 ins 44
66871 151248 del
128654 181036 ins 325
178937 189018 del
50431 63248 ins 409
81674 191388 ins 972
23853 29876 ins 533
45772 182906 ins 93
24508 244915 ins 9
32002 168235 ins 295
20181 188075 ins 508
184510 256490 ins 959
90570 165899 del
221156 252569 ins 259
117197 165668 ins 897
10432 245950 ins 976
23346 74801 ins 822
29206 219644 ins 833
45212 168811 ins 112
150848 209637 del
87231 90247 ins 594
149925 157249 ins 735
2052 24509 del
36327 156292 ins 724
67025 98762 del
29707 216014 ins 100
105362 135503 ins 526
147477 258733 del
16979 27964 ins 693
192625 250813 del
220421 257654 ins 88
121629 249433 ins 6
137432 194012 ins 629
15883 189713 ins 470
167975 261513 ins 741
8672 225331 del
8720 143450 ins 15
29316 99660 del
14836 111915 del
93137 123644 del
88588 178926 del
178819 181954 ins 252
121288 130190 del
114671 209223 ins 169
207863 223770 ins 643
178868 182321 del
110693 112921 ins 115
8324 130000 del
46474 174968 del
140344 214080 del
30098 64509 ins 215
44019 223695 del
182952 194476 ins 195
173859 245996 ins 435
38782 41539 del
84406 95573 del
149017 244528 ins 737
175383 223071 del
105422 138302 ins 961
53195 122086 del
21294 177948 ins 545
198999 209766 del
161876 176168 del
47396 147445 del
60544 249342 del
14263 130612 del
125456 205283 ins 728
162715 257112 ins 664
126355 163912 ins 508
34962 146487 del
133713 248567 ins 527
20009 35111 del
190495 249207 ins 48
238014 242311 del
144803 150361 ins 55
54725 221198 ins 525
192826 233572 ins 796
104660 180000 del
143837 246718 ins 107
12451 41738 ins 287
64093 154853 del
41932 53852 ins 573
196455 204588 ins 193
133052 173558 ins 110
45207 147939 del
120520 137297 ins 202
148367 162350 del
62871 249148 del
25266 136516 ins 860
125064 201157 del
56080 137110 ins 748
50573 167491 ins 723
27634 111111 ins 486
8899 91660 del
27250 225783 del
181454 259065 ins 815
137560 200133 ins 286
77460 256320 del
150050 233060 del
48794 140363 ins 733
172981 202607 ins 744
44239 101754 del
8670 95475 del
81374 236598 ins 601
224693 255389 ins 103
128734 257409 ins 142
58757 81208 ins 907
101453 233045 del
98608 264095 del
32852 163483 del
107258 112752 del
8042 210711 ins 490
190069 242957 del
229244 253040 del
253326 261203 ins 274
61906 122529 del
155446 218962 del
177243 215255 ins 109
24553 256843 ins 169
176589 206155 del
619 21191 del
26741 26803 del
160660 183907 del
4719 45372 del
69730 75859 ins 223
41834 151754 del
136336 168751 ins 916
164309 199112 ins 163
88793 239323 ins 924
2184 132509 ins 198
35042 225738 ins 585
225945 263757 ins 403
6735 142881 ins 544
1857 263135 del
32266 258791 del
198457 241152 del
124850 193534 del
2144 8609 ins 51
41775 255452 del
18995 148934 ins 496
105974 143276 del
115129 121671 ins 811
138182 210518 ins 937
26740 85452 del
32739 39688 ins 299
123631 262117 del
178221 239816 del
152626 248481 del
149352 173726 ins 465
102961 225177 ins 16
153982 210441 del
53017 81527 ins 470
48288 103501 ins 219
63360 154231 del
83530 254693 ins 784
16840 152931 ins 9
90145 177229 ins 334
208656 220804 ins 621
147930 167434 del
167714 236168 ins 387
174762 252319 ins 635
14168 73748 del
138489 254210 del
112316 217856 ins 923
39208 240192 del
124415 195072 del
30407 164291 ins 805
72769 261423 del
101165 182498 del
37519 43184 del
154273 247081 ins 234
88686 112132 del
53090 97143 ins 706
211274 212931 ins 199
161412 187456 ins 695
118514 192131 ins 556
5404 93634 ins 181
58184 69861 del
153277 216903 ins 408
94350 230122 ins 268
74660 100385 del
64547 187106 del
110363 182077 ins 777
142660 195093 ins 948
210262 233279 del
61214 128652 ins 606
26865 37798 del
109368 189595 del
106695 143042 ins 95
50160 204180 ins 387
38043 236342 ins 142
114185 201085 del
127778 146753 ins 442
26775 192199 del
148633 218997 del
105764 150779 ins 875
138443 205941 ins 349
144000 243135 del
118969 123378 ins 21
10457 65771 ins 527
511 11674 del
12969 249552 ins 277
36865 150430 ins 85
73991 221780 del
95752 233941 ins 545
117272 261429 del
18846 97733 del
57649 260325 del
23371 75569 del
210651 217949 del
157239 246437 ins 689
8660 16818 ins 643
112786 149153 del
113400 128742 del
126143 174048 del
68238 89197 del
53075 120158 del
227302 253176 del
163121 224228 del
35354 169154 ins 89
47569 241728 del
9280 224317 del
135650 203777 del
80819 196978 del
104148 159926 ins 959
66591 221501 del
8342 37602 ins 90
115473 238314 del
9705 12158 del
144489 219588 del
13829 21760 ins 996
106693 192611 ins 971
112161 171542 ins 919
28026 256688 ins 360
47351 244958 del
36974 234706 ins 456
56428 247330 del
18628 156623 ins 781
128825 212670 ins 390
163419 250385 del
33583 73445 del
82911 118532 ins 491
91891 200607 ins 303
8118 90100 del
140526 183152 ins 949
118680 190387 del
99340 168814 ins 20
9035 52300 ins 563
226345 238431 ins 71
64497 238269 ins 467
173110 188232 del
8618 50054 ins 131
176754 222501 del
131308 255294 ins 659
60839 128057 del
34036 230876 del
82638 263087 del
12525 33582 ins 727
201347 221599 ins 435
9124 227729 ins 245
143573 191622 ins 881
64480 190253 ins 48
54132 225924 ins 425
61805 138198 del
201543 242373 del
169712 256749 ins 640
74786 239147 del
219928 243904 ins 285
205527 230996 ins 518
89529 180789 ins 55
155260 227435 ins 516
247053 255741 del
47459 235018 ins 808
2105 167309 del
36280 100719 del
125128 178514 ins 607
26012 148029 ins 591
159917 166033 del
16463 121782 ins 319
167145 193980 ins 133
187878 214854 del
38120 72385 del
145096 204115 ins 912
78743 211232 del
61478 173911 ins 131
26383 189084 del
148980 154611 ins 732
15829 254892 ins 429
155420 159304 del
17302 81877 ins 729
165538 239556 ins 848
205665 262607 ins 621
187635 220438 del
85032 191926 ins 523
169235 260150 del
162187 257643 ins 722
138256 260352 ins 837
14112 240628 del
192247 264308 del
120256 185556 del
155691 186575 del
26018 116557 del
158455 179301 ins 411
83132 121800 ins 142
113462 135829 del
157526 197224 del
12561 155831 del
162694 232152 del
153825 190585 del
193410 229319 ins 777
165272 246372 ins 395
87846 205973 ins 41
75372 199147 ins 961
49595 63952 ins 723
144250 150075 del
51128 240284 ins 155
89626 158931 ins 275
89683 145418 ins 75
15434 132249 del
54696 63878 ins 705
83734 136978 ins 291
184536 261651 ins 298
189930 245086 del
102348 228755 ins 676
16722 165636 ins 934
5195 262782 ins 914
91982 219616 del
88250 219400 ins 582
27290 186981 ins 498
235770 245556 del
44824 145137 ins 766
188164 215586 del
6500 29331 ins 423
130517 249458 ins 218
89148 260335 ins 702
35289 184795 del
14135 71003 del
16083 122929 del
136799 234357 del
4121 223364 del
20394 98934 ins 818
187679 198297 del
134164 200415 ins 517
124705 231645 ins 160
131154 131169 ins 362
121675 151495 del
18529 107058 del
68872 202713 del
79039 220621 ins 440
198185 254572 ins 748
169079 216199 ins 806
163346 231716 ins 699
138712 248239 del
33476 260742 ins 55
66578 134344 ins 989
94198 117026 del
34918 213210 del
11082 203255 ins 801
2225 237332 ins 122
165890 180164 ins 219
6859 89941 del
120402 133990 del
18399 44774 del
14092 44290 del
177701 235969 ins 687
28729 232304 ins 386
5028 153134 ins 845
91257 196648 del
96582 184594 del
2621 17604 ins 656
32928 164868 del
201174 251937 ins 672
55689 164562 del
6361 134730 ins 924
14545 155827 ins 524
188363 203390 ins 156
129925 153298 del
205549 257532 ins 484
45456 140558 ins 474
91778 236488 ins 776
26901 66788 del
20840 76752 ins 805
121849 239471 del
77736 170682 ins 515
123293 127728 ins 847
19235 146687 ins 773
52697 64675 ins 30
33458 50411 del
188750 216364 del
177008 206849 del
171673 205107 ins 660
66023 255551 del
7799 76943 del
174727 175046 del
132783 261738 ins 704
134657 180502 del
197504 216776 del
4151 247034 del
12321 112260 del
121499 150935 ins 109
141714 205303 del
29232 217997 del
9656 246261 ins 425
29115 77741 del
13673 18158 ins 233
28252 53927 ins 284
137280 202609 del
188937 226148 ins 632
72834 228456 ins 297
13498 181557 ins 865
128631 141878 del
297 254148 del
141263 216965 del
187743 198837 ins 624
50280 57220 del
84037 131714 del
61145 84586 ins 498
141084 177837 ins 859
47395 135875 ins 198
154376 168776 del
86161 143169 ins 651
4656 24019 del
129161 161867 ins 390
24596 205465 del
27831 244215 ins 412
54982 96061 ins 584
499 143437 ins 829
85612 130823 del
22950 77092 del
54743 56205 del
50850 59805 del
24540 222023 del
6534 262009 ins 948
30417 111380 del
26835 123516 del
128713 189712 ins 939
40648 70369 del
136308 161686 del
189594 232803 ins 725
120967 236137 del
28587 195761 ins 126
77484 168731 del
45856 109332 ins 358
194292 234063 del
39271 210849 del
153323 233120 del
67168 96483 del
159908 229615 del
163003 202303 ins 703
314 183723 ins 951
521 146694 del
64354 248424 ins 225
125241 192302 del
44106 51024 ins 195
180585 255199 del
150250 251428 ins 279
115587 137532 ins 912
6179 206666 ins 588
106571 226929 del
140309 221266 ins 522
60405 106598 del
209918 227121 ins 832
217150 261506 del
20445 173878 ins 984
136925 240144 ins 125
167798 178494 del
77064 251574 ins 524
111871 167223 ins 151
114551 183287 ins 383
171286 210175 ins 316
24004 46292 del
63050 198076 ins 878
43110 204237 ins 892
49518 160639 del
29157 208506 del
3495 181468 ins 654
54883 197322 del
138530 240347 del
36816 48767 ins 65
20201 129523 del
71623 208667 del
74852 138914 del
12772 40139 del
191577 192282 del
71287 136118 ins 130
140865 148988 del
120656 237945 ins 709
215280 239436 ins 606
160284 234252 del
109038 241660 del
9919 119768 del
95148 120990 ins 864
39280 52686 ins 878
94590 194422 del
23049 241569 del
121642 194955 ins 204
143311 146732 del
109492 149965 ins 56
200693 214770 ins 837
47140 183637 ins 519
83839 149561 del
68642 249213 ins 103
15619 66658 del
11318 24237 ins 215
63625 248738 ins 948
194229 237400 ins 614
118585 182452 ins 604
102950 135862 ins 254
62702 140965 del
30425 46827 ins 526
11561 51971 del
67876 182235 ins 596
121650 240639 del
177535 236945 ins 797
73785 207058 del
79732 82345 del
80369 252835 ins 818
63552 206445 ins 437
163751 230871 ins 747
27890 108526 ins 231
39321 161233 del
15961 86801 ins 366
250899 263169 del
155097 246264 del
132554 174735 ins 823
138325 221418 del
31787 256131 ins 711
53405 130745 ins 236
21027 225867 ins 602
227899 234171 ins 992
140201 262900 ins 819
72349 134505 ins 460
46511 80905 ins 111
97830 107034 del
2043 96448 del
91505 210326 del
87773 130221 del
104609 158994 ins 51
27653 116123 ins 55
70754 95166 ins 952
